Sample,S118,S121,S126,S127,S137,S141,S143,S146,S153,S155,S158,S187,S193,S194,S195,S198,S205,S224,S225,S231,S235,S244,S248,S258,S263,S264,S268,S269,S286,S288,S297,S334,S344,S353,S365,S370,S378,S380,S381,S389,S398,S421,S422,S424,S434,S436,S439,S446,S451,S456,S458,S462,S463,S468,S470,S475,S476,S478,S479,S483,S484,S495,S497,S517,S524,S526,S529,S53,S530,S536,S543,S550,S551,S552,S561,S563,S577,S58,S584,S587,S589,S59,S591,S598,S602,S604,S614,S617,S618,S628,S643,S655,S77,S80,S88,S92
S118,1.0,0.46882485311751465,0.5313479937304013,0.44942741235685313,0.40774665922533393,0.4459809000000001,0.49580309999999994,0.33085175037223746,0.44548482227424113,0.32017956798204317,0.4581402709298644,0.43787475621252436,0.41421600000000014,0.2590035999999999,0.3338586831494609,0.4479207119801779,0.3731652626834737,0.41080769729807565,0.35539037107807425,0.2783634860818257,0.3589183820540808,0.31866378406681084,0.376156981192151,0.3851093192554661,0.4532781320082804,0.5304836265241812,0.3041839847908008,0.5469532453046755,0.48037732401886635,0.390312180484391,0.4679770000000001,0.4008545200427259,0.421161421058071,0.45809456257163117,0.4175411000000001,0.48765734876573485,0.3801743619825638,0.39220838038958095,0.35708785356317796,0.3961926,0.40748675925132405,0.42601953609706955,0.3546744532011681,0.5486330725683463,0.3538943353894336,0.3809575619042438,0.23935272393527252,0.2917416562387515,0.2754872275487228,0.3995820800208961,0.39803258009837106,0.3054845847257708,0.38707294193905883,0.15757101575710153,0.37176724423491336,0.3452407309518539,0.4744574762771262,0.378956718947836,0.376614881169256,0.3458837,0.47928002810799575,0.43090660000000003,0.5645806870838626,0.3654414817279259,0.5007762248835663,0.38061000484749874,0.36418214537267823,0.5369583926083215,0.3492358174617908,0.4142343964414009,0.426331578683421,0.2038960490259878,0.4254375361843695,0.4496320550367945,0.3430298828485059,0.47204257639787117,0.49075295092470494,0.4752277762386111,0.3899285050357476,0.3803094429535835,0.3748369875489038,0.44619033307144995,0.39621786037821394,0.43923310000000004,0.45604236318729097,0.2254331999999999,0.2704319594352059,0.396683,0.3805965951491487,0.39137371956868594,0.3487070174353508,0.3516209648379035,0.4664324766783763,0.46249904624990457,0.3911458586718789,0.24415603662340546
S121,0.46882485311751465,1.0,0.45881570823685847,0.5476373369093342,0.4128192587180741,0.5449401,0.4811362,0.47076102938584563,0.5750261287513065,0.5536310446368955,0.5104638447680777,0.594192540580746,0.4152648000000001,0.3096909,0.3620950732667244,0.5190689297672325,0.298231570176843,0.512720971819757,0.5211188042237609,0.2805342859732858,0.3538685823065708,0.37712818114359115,0.4973210751339463,0.44368232218411596,0.3049093542635969,0.6022993301149666,0.5303176734841164,0.4323788567621143,0.5863373293168666,0.3589726820513659,0.6062619,0.4678471233923561,0.5026195251309763,0.5273727417881774,0.3676675999999999,0.43860034386003444,0.3860611613938839,0.5338947733052614,0.396592859488929,0.42048870000000005,0.4742026525797346,0.4866638270004259,0.4738327710749157,0.4090889795455511,0.41913724191372437,0.3872665612733439,0.38671053867105387,0.4065691390146292,0.3331276333127634,0.48323497583825126,0.5438333728083314,0.382382680880866,0.42793673580948965,0.3816479381647938,0.574078513888223,0.4992314001537199,0.5888348705582565,0.5605355280267765,0.4695346765232661,0.48352799999999996,0.47759472836079064,0.45959739999999993,0.5290901941819612,0.3875798806210061,0.5450767182384922,0.3826091043477239,0.4775396283690557,0.4851887029622596,0.4772144238607212,0.47833188041703,0.5155665742216713,0.3017874245531438,0.5960860105870984,0.49749595025040494,0.24350938782453058,0.6196135690193214,0.45348385465161456,0.38070968096451596,0.5762546118726941,0.5283196207520569,0.509470147158956,0.5001686249747062,0.6048201395179861,0.48284610000000006,0.5902584229224731,0.18728060000000002,0.4506791323981302,0.49974720000000006,0.46387041596760403,0.5056998252849914,0.48584292429214626,0.4585664541433545,0.5335938733203063,0.5857889585788959,0.45307636796145523,0.312605646890847
S126,0.5313479937304013,0.45881570823685847,1.0,0.41001356150203416,0.5650707869858426,0.37549446245055385,0.47037315296268467,0.3794851051287236,0.4229465788526712,0.36011262797747445,0.4146581512051093,0.526119394776121,0.5554262444573757,0.26429777357022255,0.33874634756414357,0.4532973679946052,0.31560753687849263,0.4454908440782046,0.38584403858440375,0.2943356558496515,0.4128230380765442,0.31076375338543705,0.3560250465962431,0.3944976802751159,0.5138323715419071,0.6174200691289964,0.2982878552568219,0.5042139991572001,0.4807774759611264,0.314488652826702,0.41159935884006404,0.44355157782242105,0.44870907756454603,0.40802883678846524,0.43467595653240443,0.33506239999999987,0.4975802004839599,0.4776659283501107,0.4500981225049061,0.36650526334947364,0.41586971682605656,0.3935042016239496,0.31444371572218577,0.5424143186378522,0.3707920000000001,0.4429208114158377,0.2459692000000001,0.287597928100518,0.3218266000000001,0.34959464756080283,0.44361493345775993,0.33819414927087765,0.4874324781418805,0.18834419999999996,0.40396369900907536,0.37055148883455336,0.4685879297118105,0.4158355792082211,0.37978384303242374,0.3537330646266935,0.41259339685165075,0.4288257571174243,0.5368487389453783,0.40746933887959924,0.5686369578407605,0.36249817312563937,0.3830395042401239,0.5360993391701983,0.35508788224560583,0.4296795496121576,0.3654408451838732,0.17993833702158213,0.40076109980972496,0.5679839864032028,0.356513746522938,0.5226440216033967,0.448334210333158,0.4956950256457462,0.4335265398840761,0.4018652995336751,0.4479135208345918,0.5004143748964063,0.37535352492929497,0.5315827468417254,0.5052354979058009,0.21044407895559214,0.3378542155364461,0.5004474499552551,0.4006978601046791,0.4788334760583264,0.41707717914614106,0.3587229282554143,0.4690760296385956,0.4768542,0.4373834218691711,0.23047611152380554
S127,0.44942741235685313,0.5476373369093342,0.41001356150203416,1.0,0.4185296046324011,0.4500022575007899,0.391416836995893,0.45029409005881804,0.5355193142077257,0.41239080309770093,0.3723944441408332,0.5755278438819611,0.3636183272664145,0.4514162579956903,0.2399321000000002,0.5262227157336294,0.1880491470122868,0.45701844570184447,0.4261602343881289,0.257354177206253,0.31288619386585803,0.26024107807232344,0.35691980707594195,0.3432387372954948,0.33292386658477335,0.45542498216999294,0.422861226858368,0.3632732908183227,0.5259279103711643,0.22179096653729002,0.5348494871973206,0.3919643567857427,0.387707955083182,0.432299721614986,0.286307300207555,0.40306218137798155,0.5795009448752362,0.49519364855809467,0.3888129944064972,0.35922762572966904,0.33690958422739614,0.4145416829083366,0.34899797449898706,0.4027974208392262,0.41202198540989343,0.29151687287921824,0.19148808616963875,0.4078641815728363,0.21355289609880335,0.39586111875833563,0.4794228438268532,0.5345370603611183,0.38148437629687515,0.3072174382478473,0.49953669990733984,0.33321954998293246,0.5296486588945976,0.43420847368338955,0.4250157275047183,0.3888111360838976,0.3624421724884346,0.42531854886149223,0.5531208829681323,0.38773291631987483,0.42476208495241696,0.34426213442621345,0.32582396516479284,0.43817196572579475,0.47658099063239634,0.3453248345324835,0.39774961932488584,0.16457351645735152,0.4522252904450581,0.49309472327368076,0.21745676523702973,0.4669905400971621,0.43630810907702733,0.39424341827302556,0.48273742758938576,0.48228959645791925,0.4361066218053311,0.4904418980883797,0.4655452163863042,0.399827039939464,0.4952387247619361,0.10531853686148795,0.36562317312463466,0.456108559637996,0.3503915102349062,0.4126706650682661,0.41605656642262656,0.3886613971653493,0.5942705782811735,0.5659760546892246,0.5553063776531888,0.25698602849301433
S137,0.40774665922533393,0.4128192587180741,0.5650707869858426,0.4185296046324011,1.0,0.3204701000000001,0.3041836000000001,0.351658047251293,0.370300718515036,0.2534338746566127,0.3580851209574396,0.3934972606502739,0.5815023000000001,0.25781659999999984,0.20997972650709573,0.3918648979662245,0.16871448312855175,0.5032716741820815,0.2960517592103519,0.451163077441846,0.19552169022391552,0.23748278812586043,0.30631028468448596,0.3127273156363657,0.5540938168859275,0.46426302321315127,0.2548995872550207,0.34335616566438343,0.4511409225570463,0.2646481867675906,0.4051864999999999,0.44592332229616605,0.4448519222425962,0.3190119042964289,0.38654350000000004,0.3631208363120836,0.5425780457421954,0.4265323786733811,0.3940764591114688,0.24123139999999987,0.26588317341168266,0.4242612363608147,0.2886188432928266,0.5456560727171964,0.3592291359229137,0.38047716195228387,0.19493691949369196,0.2705030594245412,0.24258032425803244,0.3058860847056959,0.42008247899587603,0.3393665830316709,0.43418593487210977,0.1735294173529418,0.30888015366797694,0.350607729878454,0.408968279551586,0.3194207159710357,0.32630278368486065,0.2724519000000001,0.3183878522418222,0.40831000000000006,0.5728911854217629,0.30715508464224583,0.4944137258379411,0.4857270785682304,0.272779759083036,0.44157871168425755,0.3124085156204258,0.3425026143743466,0.3141479842926008,0.16597455850636034,0.29982895502565665,0.49580725041927487,0.28342858582857067,0.36506938174653103,0.3074395692560431,0.44146687792665606,0.3314241342879328,0.48391222741316575,0.34186199744140067,0.5629844155523376,0.3431659656834035,0.40168670000000006,0.42326377302086815,0.1345162999999998,0.25677286148407064,0.3898014000000001,0.28140287035071754,0.39050861952543103,0.5619005280950264,0.3188546681145331,0.4974203751289813,0.47609994760999486,0.5701818855272828,0.16958912543836868
S141,0.4459809000000001,0.5449401,0.37549446245055385,0.4500022575007899,0.3204701000000001,1.0,0.4575703457570345,0.46956787652160614,0.4906354735953209,0.47424009999999994,0.5517927792828883,0.41076749999999995,0.32459803245980323,0.2995189299518929,0.38080370479907377,0.5098659784530926,0.35769070000000003,0.4375471343679298,0.456843537053061,0.20520321026016064,0.404936520246826,0.32719251635962565,0.34909351745467576,0.5205434780815217,0.25663058716847054,0.4882729732409459,0.4219948210997412,0.4940304000000001,0.5067539760130964,0.36616641830832075,0.4832094483209448,0.40393766059064906,0.5858829878824481,0.4702914059417187,0.30010313001031286,0.4170416834083367,0.3667671,0.4961052248052613,0.41569310392327596,0.4778632477863247,0.522534,0.4625289768735511,0.42497190624297665,0.3744413187220659,0.4529400905880181,0.33214259999999995,0.3935171787034357,0.3444708827764559,0.37647777529555515,0.4620032231001612,0.45088902254445107,0.31767591588379573,0.395019080249046,0.28317125663425113,0.45074357746282123,0.4837556516244349,0.5393111269655564,0.4336928650539298,0.4473547223677361,0.4804491480449148,0.43284227835788613,0.4237622423762243,0.45828615417138463,0.424167321208366,0.5056759747162012,0.3325935501109676,0.379370881031456,0.43380595661940435,0.43177946476691964,0.43236303514554475,0.4447969222398461,0.32679095098135724,0.5877346706132665,0.37587000000000015,0.3054416152720807,0.5650783282539165,0.41772929999999997,0.3493169174658458,0.5337243865102452,0.4202751789862411,0.4873097025380596,0.37188148140592603,0.5516893,0.3810586381058638,0.5211486957702609,0.2196036219603621,0.5084787745760613,0.4426019442601944,0.45527175934511566,0.5289956793493519,0.359195853879378,0.44690169999999996,0.5213881260694062,0.4666175933235187,0.36058389014597236,0.33951488487872117
S143,0.49580309999999994,0.4811362,0.47037315296268467,0.391416836995893,0.3041836000000001,0.4575703457570345,1.0,0.402943879852806,0.5219909782986466,0.43075510000000006,0.536778185288726,0.3615455999999999,0.35413853541385354,0.2838111283811129,0.4231836942040764,0.619415216795326,0.2840015,0.36476474528528824,0.36666741000022296,0.2024763101238155,0.3195368159768408,0.48680062434003113,0.43662052183102606,0.4985782747867412,0.2915701854214907,0.6084218912632837,0.48924312446215623,0.4794759999999999,0.4280929642139447,0.36844381842219087,0.46662494666249466,0.5097476764621516,0.4303084645462697,0.5796268840746233,0.26444792644479265,0.47350949470189896,0.3459806999999999,0.48217202410860127,0.431237807809452,0.4290311429031143,0.46315879999999987,0.44400217779989104,0.4981159245289811,0.364288518214426,0.3565299713059943,0.3737035999999999,0.4298668859733773,0.365522081723896,0.3355074671014934,0.34625271731263585,0.4229430211471511,0.30774501538725063,0.5549254722537265,0.22518364503672894,0.3839080808045958,0.32041936795806325,0.4267901213395061,0.43617316542597484,0.4487909224395461,0.3114453311445332,0.380232580988371,0.37192953719295374,0.4418148558185143,0.5403014270150714,0.5735744713212765,0.28481805727729137,0.5035684748215763,0.48583685141631483,0.4491944673791701,0.6118426082236088,0.38387861919393096,0.259924261011361,0.4085379795731011,0.43142499999999995,0.359143417957171,0.5879507293975366,0.43679940000000006,0.33971431698571586,0.38623394550642176,0.33993178300341065,0.4813017037396593,0.42114407894279593,0.3500611,0.5907568590756858,0.4576296084740784,0.15284771528477148,0.43154777842261116,0.3383877338387734,0.5865100052785018,0.44070226610534,0.31427614714142205,0.5235242999999999,0.3481959174097957,0.5858379171675834,0.3163197790799447,0.3346346836586709
S146,0.33085175037223746,0.47076102938584563,0.3794851051287236,0.45029409005881804,0.351658047251293,0.46956787652160614,0.402943879852806,1.0,0.5262766,0.4616064307590353,0.37156059564167254,0.3915430412685438,0.24951538752423075,0.38172318091384105,0.31888747244501103,0.5152830030566007,0.2977354553396816,0.4160786751763974,0.4663610699541604,0.30332536966746315,0.3214801678519834,0.5003454499654549,0.3700758629924137,0.42819720000000006,0.26188424762315055,0.4707705,0.5225974477402553,0.4688881296667805,0.4551109,0.29749577025042295,0.423907478804626,0.3981025,0.42816719999999997,0.465781436976497,0.31422048428897587,0.3420997171049859,0.3879868418019736,0.5513870448612954,0.5635877563587758,0.3961796801910159,0.36598514510222824,0.471548705690259,0.33840503384050336,0.38550196144980375,0.41545592077279614,0.30084695487295665,0.27915271395763575,0.2945806410838717,0.2910874145543708,0.33506896649310336,0.40348585965141415,0.34687306531269335,0.43890781221843767,0.3333921166696058,0.4046824190635161,0.337785215553696,0.4420724557927542,0.48826970000000003,0.42736435726356414,0.43783357810832113,0.30940353811929244,0.36025058198747095,0.4390677902330524,0.395427860457214,0.4351932129613574,0.3173102048069384,0.34376623124675376,0.3710416072395982,0.48066810000000004,0.4551895634431309,0.3490387650961234,0.3259798022060594,0.4545269090946181,0.40111403983289406,0.3244370675562933,0.502512849748715,0.43653983451902467,0.35141916485808344,0.44923805291907093,0.4055630188873962,0.5559268054256181,0.39103022179395563,0.3819341427098786,0.418711379064431,0.4927880275241904,0.21637458918127062,0.448012510397498,0.4715836764208161,0.42009088401817685,0.3842135,0.30064120000000005,0.4568318314752253,0.39606716039328405,0.5115693255784663,0.34710803471080354,0.4390147439014743
S153,0.44548482227424113,0.5750261287513065,0.4229465788526712,0.5355193142077257,0.370300718515036,0.4906354735953209,0.5219909782986466,0.5262766,1.0,0.5344026267201314,0.44424534451412934,0.5199934259996712,0.309343946401592,0.30540834581125176,0.3897617220476556,0.6579386631754652,0.2786150139307506,0.3782579621742038,0.5237068832974091,0.2305996230599624,0.3118284311828432,0.43270604327060436,0.4333630433363044,0.4540908908181781,0.2953856,0.5290451058090213,0.5686166568616656,0.4726527236326361,0.5153080030616006,0.35495263549526357,0.5725523858828578,0.44841468968293796,0.44641058928211785,0.533413319988002,0.23123153468473012,0.544927736231934,0.41407632070381606,0.603068160306816,0.4557883367365011,0.41389926208488936,0.41802092090104614,0.4715459999999999,0.5119479535843862,0.4252193425219343,0.416490204122551,0.4094628204731411,0.3558306889576721,0.47708189999999995,0.3123003780750946,0.45256704525670444,0.44228944422894434,0.3979879397987941,0.48385880000000003,0.37984349496087366,0.5000063,0.385697980715101,0.5352788535278854,0.5788810157762032,0.5093337509333751,0.45616416842462526,0.3713559999999999,0.42962516444377474,0.5132105743394711,0.4075695407569542,0.5119865,0.36222076377792356,0.41487399999999997,0.49752977512351115,0.6229134245826848,0.46544635345536456,0.46220864622086466,0.2589442741055725,0.5478887000000001,0.5103749255187462,0.3158657315865733,0.5738072573807258,0.4923814246190712,0.3877051387705138,0.5464649087372818,0.4826526000000001,0.5706349144047628,0.48438230000000015,0.46479742323987105,0.5676097851414679,0.5535213169718025,0.18551362782704428,0.5083131,0.48230277234541585,0.46036688414675353,0.46958529391705883,0.36966507393301484,0.5023291251164562,0.5353904535390455,0.6396553599138399,0.421262726378818,0.3504339051301715
S155,0.32017956798204317,0.5536310446368955,0.36011262797747445,0.41239080309770093,0.2534338746566127,0.47424009999999994,0.43075510000000006,0.4616064307590353,0.5344026267201314,1.0,0.4754023622988188,0.5327493467250652,0.3108538000000002,0.26951179999999997,0.4175100538714811,0.6487718621929655,0.29266247073375296,0.3943267014183246,0.7402697480539496,0.2043280897835954,0.3853863807306809,0.3294704835264758,0.39605998019700095,0.42463592123179617,0.21119436832084482,0.5409165270458264,0.5487284725635764,0.4207107579289243,0.5337188266859412,0.37773068111346586,0.5217752000000001,0.31398071569903574,0.39894801994740103,0.42604897218530813,0.26840909999999973,0.30725013072501306,0.300265269973473,0.47731057613447114,0.36935755540363335,0.38143610000000006,0.4439887556011244,0.3660647450902883,0.41585396237809436,0.3030334848483257,0.4615024461502446,0.41125515887448416,0.38042923804292383,0.3563823465426481,0.36439083643908365,0.37257988137100595,0.37144498142775095,0.423415978829201,0.39338164099275374,0.39090713909071406,0.6303262054510692,0.3892339221532156,0.5543778722811064,0.6396509319825465,0.3158368842081557,0.46856239999999993,0.34133064880040287,0.3401215000000001,0.400423919915216,0.41349567932521614,0.4163285375507193,0.3141928214517945,0.38152784277082363,0.4326312134737572,0.4291956214597811,0.4014172996456751,0.43407297829635105,0.30447912388021914,0.5440116183982573,0.37632086236791373,0.2984194850790256,0.5081334745933261,0.3748459625154037,0.3035742848212858,0.5755330122334938,0.38421034236844887,0.5072455478263356,0.2885639567154066,0.5416648458335154,0.40107839999999984,0.5066791479962556,0.2353636,0.4976875253468711,0.5221798,0.47659831914957984,0.4631084231554211,0.36726191836309585,0.40464205953579413,0.46025037698748117,0.48954184895418484,0.3482171522325729,0.3643906546585983
S158,0.4581402709298644,0.5104638447680777,0.4146581512051093,0.3723944441408332,0.3580851209574396,0.5517927792828883,0.536778185288726,0.37156059564167254,0.44424534451412934,0.4754023622988188,1.0,0.3625061187469405,0.3342936662825333,0.26806129277548274,0.4690334482249138,0.4496029325595602,0.3602672198663901,0.5435786466738797,0.4413162117367576,0.2518309866760561,0.2717584777086849,0.488865980010309,0.37882792952743183,0.5021423242501866,0.3270011201493839,0.6594665691867008,0.5042412730914271,0.4791372604313697,0.480800931719674,0.45274069626668656,0.39415604233758306,0.5189024183841535,0.6163576842748105,0.540908321364175,0.35245405901837645,0.4370749688775093,0.34428592785703627,0.4735474869036309,0.3306764173308956,0.3582852566858973,0.4968841515579242,0.49488492781328974,0.45516508620872853,0.4121282145423034,0.3628856911342927,0.4416130791934605,0.5355041393487583,0.35124430681563124,0.29557421132773676,0.3501569424293759,0.41513501318924406,0.20568920743985664,0.5405066027213685,0.2054079383776184,0.3929061839015989,0.41108265335040806,0.46874068906668986,0.5270978155157646,0.31213975953710826,0.35860625655749745,0.38920438593758766,0.36406625437349827,0.3617251829648903,0.5054272725577271,0.5846325784520818,0.3425153773650047,0.5262940105382943,0.4787924127245524,0.30782659226069276,0.5048318718592834,0.331236450943597,0.3649076628100192,0.4844372335595215,0.34915832542083725,0.414938113277849,0.5455404545067954,0.3649452175273913,0.39738122117845043,0.42907481383266755,0.3647333993966303,0.41753500772549457,0.3381399140230473,0.45690637154681424,0.4746771101291558,0.507877444485789,0.20228581908567245,0.4584166478708436,0.3542945582821766,0.5509773173534023,0.4173354539325912,0.35478727582445346,0.5260288369855814,0.38289402769768743,0.4699864590040622,0.38078980480254876,0.3500429124892719
S187,0.43787475621252436,0.594192540580746,0.526119394776121,0.5755278438819611,0.3934972606502739,0.41076749999999995,0.3615455999999999,0.3915430412685438,0.5199934259996712,0.5327493467250652,0.3625061187469405,1.0,0.4623309,0.3264529999999999,0.42752545036609246,0.5073094268273567,0.22414817758518202,0.43412709146822714,0.5191324038264808,0.28228418588579074,0.3759515812024209,0.2550271872486408,0.40236397988180117,0.3354881167744058,0.29285425607186155,0.48885862444293116,0.4625358768732061,0.35988686401131365,0.5679650283982514,0.28163638591818074,0.5935485,0.34924211746210587,0.3454036172701809,0.42789157163252867,0.32023499999999994,0.3580614358061436,0.4342740565725943,0.43312437834378115,0.3431187514678127,0.357707,0.3401333659866633,0.3636709454493583,0.42428036364205457,0.37806858109657093,0.36675143667514365,0.3468190653180936,0.27918832791883263,0.4984337252349411,0.30162323016232295,0.4494664775266761,0.4490898775455061,0.5132187743390613,0.3291788506231724,0.3602416360241636,0.5916937112459433,0.36096022780795445,0.5493487725325614,0.5441480272074013,0.349356282532186,0.47997350000000005,0.4317803352329498,0.41866439999999994,0.5289075942184811,0.34610268269486577,0.4355980346602949,0.3786014053496486,0.38586584212012387,0.4297376140524771,0.4182144209107209,0.33467501633124586,0.4554267772286611,0.2002204499448874,0.5114710232793465,0.5267631473236852,0.1720904913954756,0.45696307715184614,0.4357657564234244,0.352782582360871,0.5308231345884327,0.4849902272514659,0.4495114651465604,0.42010303698454443,0.46057475394252456,0.40451170000000014,0.5383256385023084,0.16923090000000007,0.4697914295312855,0.6310858000000001,0.3609597902399476,0.45006192250309607,0.43905752195287595,0.3363140663685934,0.5845855707707215,0.5055996505599649,0.4346715652007348,0.27353594103039114
S193,0.41421600000000014,0.4152648000000001,0.5554262444573757,0.3636183272664145,0.5815023000000001,0.32459803245980323,0.35413853541385354,0.24951538752423075,0.309343946401592,0.3108538000000002,0.3342936662825333,0.4623309,1.0,0.24888662488866242,0.2602012349496913,0.34828542189989775,0.15543939999999978,0.4852156272176559,0.3071535921460775,0.39027251951362596,0.26551701327585064,0.19711840985592044,0.3052520152626007,0.25934743890211576,0.30527438473628077,0.46060186909028045,0.2306734115336707,0.28833260000000005,0.42028576304286447,0.21439391071969527,0.4609170460917047,0.2683342402501361,0.3559412533911882,0.31671353665729285,0.38196313819631367,0.33807256761451354,0.3626041,0.2721933136096657,0.30797017699254403,0.311682231168223,0.3183823,0.31588318420584094,0.30173157543289386,0.38456201922810107,0.20300624060124794,0.3426756999999999,0.22753024550604928,0.2612444869377758,0.2932994586598917,0.3478978173948907,0.387069519353476,0.29022471451123577,0.27776378611181074,0.17484263496852714,0.4059810797009461,0.3046756695324331,0.4138988206949411,0.38216115732417366,0.21275311063765556,0.3422515342251534,0.45115707744214617,0.38371013837101386,0.4733074526692548,0.2872887143644358,0.48885447555727624,0.5178058223291268,0.3623962818801859,0.39370206062979396,0.21116243167436477,0.29318525602221157,0.33617691680884576,0.1611760758235885,0.309653284517336,0.4411615,0.09145640457282034,0.389084819454241,0.29172609999999977,0.2924919146245957,0.37940644823742065,0.5016519749174013,0.29808304038339195,0.38810908059454596,0.31979919999999984,0.3634590363459036,0.422255115548977,0.08806430880643079,0.30686648465667565,0.4247609424760943,0.27967719788701917,0.4432762664914399,0.5773010865951629,0.25627620000000007,0.4377146218857312,0.4191496838299369,0.4740919185229796,0.16583564145891017
S194,0.2590035999999999,0.3096909,0.26429777357022255,0.4514162579956903,0.25781659999999984,0.2995189299518929,0.2838111283811129,0.38172318091384105,0.30540834581125176,0.26951179999999997,0.26806129277548274,0.3264529999999999,0.24888662488866242,1.0,0.1735952566011858,0.26427469249614244,0.23545459999999996,0.4242153363676997,0.2741613822484148,0.4148582207429111,0.1975321098766054,0.3766875188343759,0.22631801131590068,0.2541127381169108,0.18089299095535039,0.307861046179157,0.2372108118605406,0.24240209999999984,0.27639854145978116,0.2145723107286156,0.24560652456065257,0.1480643222096485,0.24918623737793566,0.23148975370204927,0.494920349492035,0.27531555506311123,0.4344709000000001,0.2335729116786458,0.3289091822272956,0.2488297248829726,0.24761160000000004,0.21227428938628556,0.21771715442928874,0.2621344131067206,0.2192294438458886,0.22971379999999997,0.22083134416626882,0.3379437831028108,0.24013864802772977,0.2802520140126008,0.2276367113818356,0.42736382136819107,0.23122078843896066,0.13022852604570534,0.3052875847356208,0.26011007398899255,0.29787881489394075,0.25026253753938044,0.2055410102770504,0.2787938278793828,0.2726593863670308,0.2603886260388627,0.24887577511242231,0.23441331172066537,0.2460573876971307,0.267442259883661,0.1834083908295805,0.2743489725651027,0.1812374271856141,0.23376026493596014,0.26829981341499054,0.21252806812078961,0.2587084870645755,0.24797840000000004,0.14230010711500551,0.26961471348073585,0.36065919999999996,0.1991042099552106,0.2858544856582056,0.2695344865232757,0.22078725584254877,0.27623098618845077,0.3006072000000001,0.2429756242975627,0.319885036022993,0.0809263080926308,0.21602298919885043,0.4673826467382646,0.27562449646857345,0.33726485058972766,0.2957521443628216,0.2667853,0.31921811596090566,0.2545938509187703,0.3714408928602233,0.47557041889260465
S195,0.3338586831494609,0.3620950732667244,0.33874634756414357,0.2399321000000002,0.20997972650709573,0.38080370479907377,0.4231836942040764,0.31888747244501103,0.3897617220476556,0.4175100538714811,0.4690334482249138,0.42752545036609246,0.2602012349496913,0.1735952566011858,1.0,0.3926499,0.335318282638601,0.2398483800758101,0.39954158002292095,0.19543344136996765,0.4431683670494899,0.5111647466505761,0.32607170217848924,0.5204579959084008,0.1899280240287904,0.4618364076327185,0.4878449536465139,0.5203877178642988,0.3453095309380936,0.5160946451716065,0.34586601353349666,0.46353870729225854,0.42245031550993684,0.5388091036549931,0.2019375495156126,0.2795534580669814,0.21927262325458174,0.40667827799651646,0.2653138734686127,0.3641134089716478,0.4110690561258302,0.41180013527994597,0.4611098538890145,0.3093140072057978,0.3527554470866828,0.34739967841011266,0.5102061234690816,0.3819644472142212,0.258970761154386,0.36896798930960306,0.2878801136359661,0.25529712341086286,0.46619871352051456,0.2340564648915303,0.31480537407785036,0.3670636348213644,0.32508180247545915,0.43277751344449733,0.37816708654987397,0.4029138992715252,0.2689363924254432,0.32827241793189554,0.2794034742684366,0.4645206606438018,0.4464664214134315,0.2619552690223653,0.5833282666686934,0.4229774096601656,0.29484014103197187,0.4941906529046737,0.30045390986382703,0.3423199288400355,0.48361980655207737,0.3247096863516098,0.3912024826392553,0.45419406374178095,0.29510509671321605,0.277665916700225,0.3849242113068416,0.2669999932000028,0.4513293517688566,0.2548055980777607,0.342358680174462,0.3116788220802944,0.47566303838532875,0.3066950233262443,0.6029770588091765,0.3789326052668487,0.5796319000000001,0.28591254281749146,0.2407068518586296,0.448445243044165,0.31852260444321867,0.35238124714281294,0.23852597614740245,0.4523700547629945
S198,0.4479207119801779,0.5190689297672325,0.4532973679946052,0.5262227157336294,0.3918648979662245,0.5098659784530926,0.619415216795326,0.5152830030566007,0.6579386631754652,0.6487718621929655,0.4496029325595602,0.5073094268273567,0.34828542189989775,0.26427469249614244,0.3926499,1.0,0.25362266340566586,0.3865698386569838,0.5304593917526654,0.1906446571933973,0.3086367925910378,0.42528922758676846,0.41487252446175726,0.4799348919739569,0.30691946138389214,0.6218048487219395,0.5935090780527235,0.47821661955415495,0.5393708157483262,0.3306467991940397,0.5882647058926471,0.5080122032048813,0.46944028777611513,0.5503205275160263,0.24518538581488503,0.4625665081549287,0.42910260727565175,0.5944336783301035,0.45444902722451375,0.41338574468501066,0.4780847195211799,0.4853495970699194,0.5127111563555782,0.3851271155381346,0.44365949964677487,0.35619268904817236,0.3328154497669523,0.3929939785987956,0.3172829427773243,0.3346851004055301,0.44691593407478025,0.38575891572767484,0.5357550071510014,0.3670768651845894,0.5699179139835828,0.35567125335068817,0.5541452662435798,0.6201469480587791,0.47832434349730313,0.39746433911251877,0.33907156781431347,0.34126641944324676,0.5486351822952773,0.5214027564208268,0.5295830059166011,0.3057829305782931,0.4203822840764567,0.45463176819476536,0.6075068430027373,0.5459154545915454,0.39638001891400565,0.25836832583683256,0.49183159836631973,0.4915291228822807,0.36309010892703253,0.5385026615507984,0.4540220135055034,0.36224210867263273,0.48286342757048584,0.39592747918549587,0.6065622303281115,0.4832875966575193,0.4030783007695752,0.6005174101810935,0.5286481264324063,0.1939866678953338,0.5085636017127203,0.48556716994850946,0.5160645096387058,0.46758318703327484,0.33813603525441394,0.496461124115281,0.48303034490910346,0.6933761120192504,0.35419577709788874,0.3417699708849854
S205,0.3731652626834737,0.298231570176843,0.31560753687849263,0.1880491470122868,0.16871448312855175,0.35769070000000003,0.2840015,0.2977354553396816,0.2786150139307506,0.29266247073375296,0.3602672198663901,0.22414817758518202,0.15543939999999978,0.23545459999999996,0.335318282638601,0.25362266340566586,1.0,0.3330744167313957,0.2992192598438519,0.18128099093595051,0.37471618126419093,0.30309828484508583,0.2572226871388654,0.411091520554576,0.261023160846526,0.35920731796036587,0.2268070886596455,0.47990175200982477,0.3425438171271906,0.384093480795326,0.2187232,0.23490781174539066,0.45043782252189113,0.30219730934080735,0.35038369999999996,0.24648162464816237,0.19173268082673212,0.2871750856412456,0.2729800409470061,0.28320369999999995,0.3919315608068439,0.3039664544050318,0.20463543069531465,0.3188685840565709,0.30976913097691317,0.3245290675470933,0.49229264922926497,0.3085691537146269,0.23012032301203245,0.26773458661327076,0.2025305898734705,0.20057928997103547,0.24578976313153567,0.12956631295663124,0.2041008693848696,0.3334281333143734,0.2885040855747958,0.2567092128354608,0.2862526856873657,0.31028829999999996,0.24916256262561565,0.29961499999999996,0.2086185582762884,0.24699728765013573,0.3304181504372775,0.26039483490129123,0.22021816696727503,0.37486462502707496,0.2234105111705258,0.320022219994445,0.24586418770679053,0.3761703059574235,0.42809573578563953,0.19205208079479197,0.47161487641925615,0.3447415827629209,0.31232746876725326,0.2605176869741157,0.3193378403310798,0.173505273974209,0.2863579140926257,0.16687097496935377,0.30055416994458284,0.23984050000000012,0.3495468951359314,0.3684141000000001,0.32181375172793714,0.2542015999999998,0.2924528731132183,0.25179431258971574,0.1751506087575304,0.2686997731300227,0.26652188667390553,0.20957302095730224,0.20072103010815467,0.3400741510111226
S224,0.41080769729807565,0.512720971819757,0.4454908440782046,0.45701844570184447,0.5032716741820815,0.4375471343679298,0.36476474528528824,0.4160786751763974,0.3782579621742038,0.3943267014183246,0.5435786466738797,0.43412709146822714,0.4852156272176559,0.4242153363676997,0.2398483800758101,0.3865698386569838,0.3330744167313957,1.0,0.376475618823781,0.41336081732783647,0.2085309582938084,0.3475778304844338,0.3730452253909551,0.34119526588047355,0.3387381983785406,0.5306127469387252,0.3165292366941528,0.35147141213214694,0.47058685294131464,0.30061893987621213,0.3915881412617789,0.34439086556091336,0.4916214508378549,0.37988312905259203,0.5037368244394764,0.4142731792863409,0.4720203819949045,0.35752162849567437,0.40204229999999996,0.2650753602386957,0.4311561922109519,0.42816897154930855,0.3471324,0.3949384210123158,0.2730726863463656,0.40273039931740007,0.3082856845857157,0.3863033841089849,0.24797688760115577,0.31401293719741263,0.42654771469045716,0.32199713560057286,0.3382731985180406,0.1943370902831454,0.38411108476667466,0.3828858659899468,0.48985970202805973,0.395491760450824,0.25346574930685006,0.30936465359530196,0.37172898848130353,0.3672075449188683,0.47031723538896775,0.3580270283945942,0.49764475070657477,0.4530512187795124,0.3038188088543572,0.46647593673342214,0.2486878751312125,0.3175501729799307,0.3033584393283121,0.3299267680292929,0.39176438247068524,0.40109859972535,0.23059165388166947,0.3895693220861357,0.42579629355092663,0.36558502688299477,0.39935684041805364,0.43959156812252953,0.28136237338693204,0.3946519816044055,0.4069075982731005,0.40970413854437937,0.4607324926703783,0.15234007714898823,0.267370019788994,0.49479162578125613,0.35131063513106353,0.4071785592821441,0.5231084476891553,0.34118651470337136,0.5120843975831205,0.4713517764324111,0.5134738999999999,0.3027365000000001
S225,0.35539037107807425,0.5211188042237609,0.38584403858440375,0.4261602343881289,0.2960517592103519,0.456843537053061,0.36666741000022296,0.4663610699541604,0.5237068832974091,0.7402697480539496,0.4413162117367576,0.5191324038264808,0.3071535921460775,0.2741613822484148,0.39954158002292095,0.5304593917526654,0.2992192598438519,0.376475618823781,1.0,0.2516847629211908,0.44355191088797763,0.26979786744946677,0.384407596101899,0.42580744903260714,0.26058523908778597,0.5192203817271337,0.5132607283151821,0.4687315937463188,0.5316794860878201,0.46349751587437893,0.5301530590459177,0.31250370937629823,0.4146240451184158,0.3858672999999999,0.26595907978772393,0.3225402290160918,0.3112361622472326,0.4971003242750811,0.3241882458847106,0.388892716667815,0.3898511779702356,0.38974165846124886,0.3861046737471031,0.39172859793214954,0.5197621079048431,0.4335792867158573,0.3076290230516092,0.3269831490474724,0.3387137354854941,0.3874928968732243,0.3899425974856493,0.45035481258870314,0.3869029580354437,0.38384205353682155,0.579153786873068,0.4108997410899742,0.4945833236458309,0.6156540154789054,0.3540619885154972,0.479884643965393,0.35662935349440306,0.4259138277741483,0.43905844390584436,0.3466620866655217,0.39948695992304384,0.3213167160658359,0.3673893551084032,0.4783502478350248,0.4498254574389102,0.3863541193177059,0.4570851142712786,0.3016392150819609,0.5593551839032775,0.36689017337803453,0.29958947489736865,0.4761524190381048,0.3569570713914143,0.333568283392071,0.5666318866736226,0.4028936604340492,0.47866679999999984,0.2927165439074816,0.5486587097317419,0.36447040934112274,0.5196202999999999,0.2677973803392141,0.5191034778655217,0.5106177531853259,0.43085033696768527,0.4395855538549438,0.3337185168014807,0.3965258793051758,0.514060628515157,0.46967408786963505,0.37514726881627103,0.3723518675583404
S231,0.2783634860818257,0.2805342859732858,0.2943356558496515,0.257354177206253,0.451163077441846,0.20520321026016064,0.2024763101238155,0.30332536966746315,0.2305996230599624,0.2043280897835954,0.2518309866760561,0.28228418588579074,0.39027251951362596,0.4148582207429111,0.19543344136996765,0.1906446571933973,0.18128099093595051,0.41336081732783647,0.2516847629211908,1.0,0.24137750000000002,0.28391620000000006,0.2897681999999999,0.23498242349824228,0.4141234585876542,0.28133172813317286,0.16894599999999982,0.2409331879533405,0.34046493404649336,0.2566948000000001,0.33877291693864586,0.2732449273244927,0.2399112239911224,0.20538084865478778,0.6415964320798215,0.24503543675531547,0.22859078857046056,0.3069261999999998,0.2646114529222905,0.2734628136731405,0.15304529234773545,0.3302758669724133,0.2197386439477289,0.3402301000000001,0.2762033414305013,0.3061959846902007,0.1368204205230632,0.1690858830914116,0.1922548288382241,0.3096152999999999,0.33042799999999994,0.17765719999999985,0.2567531743246826,0.11227051684057743,0.23976617602338235,0.27990105801484144,0.3005563000000001,0.25138562513856266,0.19985679999999983,0.19174190958709547,0.28287347171265287,0.34389021719451096,0.3821968426704736,0.15642409999999984,0.3720389627961037,0.44470651105869774,0.2674607732539228,0.32947055057941743,0.1768644176864418,0.24540215091956985,0.24413890000000005,0.2537610492477902,0.2816525718347427,0.34848548257572587,0.1481703999999998,0.2816941999999999,0.3513837824308108,0.3654773,0.24691148888982994,0.3918539608146039,0.18956245260938687,0.26636337336366267,0.28485938575703096,0.2024036101201805,0.3034550241362439,0.10929010546450535,0.22766997723300242,0.416066820803341,0.18875355662606697,0.26230602623060273,0.4483779448377945,0.18807939059603052,0.3918686,0.30598494589774183,0.40029748005949606,0.47844789568957913
S235,0.3589183820540808,0.3538685823065708,0.4128230380765442,0.31288619386585803,0.19552169022391552,0.404936520246826,0.3195368159768408,0.3214801678519834,0.3118284311828432,0.3853863807306809,0.2717584777086849,0.3759515812024209,0.26551701327585064,0.1975321098766054,0.4431683670494899,0.3086367925910378,0.37471618126419093,0.2085309582938084,0.44355191088797763,0.24137750000000002,1.0,0.22720169999999995,0.33415210000000006,0.49237194923719496,0.2405282759471724,0.3591026359102636,0.3102202999999999,0.5049682747515862,0.38562813856281397,0.39730810000000016,0.39667951983397587,0.23934932393493236,0.4067361406736141,0.34133201466699636,0.2980412149020607,0.2485558372833756,0.19864349006782556,0.3862228000000001,0.2901365580273114,0.45303002265150116,0.4030969798451509,0.34261106573889344,0.3264176652835331,0.3511167999999998,0.4116194617429193,0.3085371845731407,0.3197058479558772,0.22974517702548236,0.3405084510762677,0.4088381000000001,0.30676950000000014,0.29857140000000015,0.2501394749860525,0.21168643175296487,0.3651880634811936,0.3748500437724934,0.33494120000000005,0.40917644091764405,0.3648844,0.4051595202579762,0.3722702627729738,0.385793919289696,0.3436473484528978,0.27513529999999986,0.3683028631697137,0.3077456384508723,0.32812916718708307,0.3838474424228837,0.2948158294815829,0.3898346220330756,0.38334579999999996,0.32358003528399293,0.4452764554723545,0.3306480834675959,0.33507489999999995,0.45729529999999996,0.3569020821548957,0.32867370000000007,0.4263512081419564,0.2845064715493528,0.4359166910208272,0.2196044780395522,0.3710755814462209,0.23157921157896044,0.40262949934262504,0.3565763178288158,0.5131397486860252,0.3550204177510209,0.3240291972087592,0.34734663473466354,0.24852842485284254,0.2898716855064156,0.4003365,0.2899499434924915,0.2705423541084707,0.3684550736910147
