Sample,CCIS00146684ST-4-0,CCIS00281083ST-3-0,CCIS02124300ST-4-0,CCIS02379307ST-4-0,CCIS03473770ST-4-0,CCIS06260551ST-3-0,CCIS07539127ST-4-0,CCIS07648107ST-4-0,CCIS08668806ST-3-0,CCIS09568613ST-4-0,CCIS10793554ST-4-0,CCIS11015875ST-4-0,CCIS11354283ST-4-0,CCIS11558985ST-4-0,CCIS12370844ST-4-0,CCIS12656533ST-4-0,CCIS13047523ST-4-0,CCIS14449628ST-4-0,CCIS15704761ST-4-0,CCIS15794887ST-4-0,CCIS16326685ST-4-0,CCIS16383318ST-4-0,CCIS16561622ST-4-0,CCIS17669415ST-4-0,CCIS21126322ST-4-0,CCIS21278152ST-4-0,CCIS22906510ST-20-0,CCIS22958137ST-20-0,CCIS23164343ST-4-0,CCIS24254057ST-4-0,CCIS24898163ST-4-0,CCIS25399172ST-4-0,CCIS27304052ST-3-0,CCIS29210128ST-4-0,CCIS29688262ST-20-0,CCIS31434951ST-20-0,CCIS32105356ST-4-0,CCIS32452666ST-4-0,CCIS33816588ST-4-0,CCIS34055159ST-4-0,CCIS35092938ST-4-0,CCIS35100175ST-4-0,CCIS36699628ST-4-0,CCIS36797902ST-4-0,CCIS37250421ST-4-0,CCIS38765456ST-20-0,CCIS40244499ST-3-0,CCIS41288781ST-4-0,CCIS41548810ST-4-0,CCIS41692898ST-4-0,CCIS41806458ST-4-0,CCIS44093303ST-4-0,CCIS44676181ST-4-0,CCIS44743950ST-4-0,CCIS45571137ST-3-0,CCIS46047672ST-4-0,CCIS46467422ST-4-0,CCIS47284573ST-4-0,CCIS48174381ST-4-0,CCIS48507077ST-4-0,CCIS48579360ST-4-0,CCIS48725289ST-4-0,CCIS50003399ST-4-0,CCIS50148151ST-4-0,CCIS50369211ST-20-0,CCIS50471204ST-4-0,CCIS51595129ST-4-0,CCIS52370277ST-4-0,CCIS53043478ST-4-0,CCIS53355328ST-4-0,CCIS53557295ST-4-0,CCIS54027808ST-4-0,CCIS55230578ST-4-0,CCIS55531770ST-4-0,CCIS58234805ST-4-0,CCIS59132091ST-4-0,CCIS59903910ST-4-0,CCIS61287323ST-4-0,CCIS62605362ST-3-0,CCIS62794166ST-4-0,CCIS63468405ST-4-0,CCIS63910149ST-4-0,CCIS64773582ST-4-0,CCIS64785924ST-20-0,CCIS65479369ST-4-0,CCIS70398272ST-4-0,CCIS71301801ST-4-0,CCIS71578391ST-4-0,CCIS72607085ST-4-0,CCIS74239020ST-4-0,CCIS74726977ST-3-0,CCIS76563044ST-4-0,CCIS76845094ST-20-0,CCIS77252613ST-4-0,CCIS78100604ST-4-0,CCIS78318719ST-4-0,CCIS79210440ST-3-0,CCIS80834637ST-4-0,CCIS81139242ST-4-0,CCIS81710917ST-20-0,CCIS81887263ST-4-0,CCIS82507866ST-3-0,CCIS82944710ST-20-0,CCIS83445808ST-4-0,CCIS83870198ST-4-0,CCIS84543192ST-4-0,CCIS85214191ST-3-0,CCIS87116798ST-4-0,CCIS87167916ST-4-0,CCIS87252800ST-4-0,CCIS90164298ST-4-0,CCIS91228662ST-4-0,CCIS93040568ST-20-0,CCIS94417875ST-3-0,CCIS94496512ST-4-0,CCIS95097901ST-4-0,CCIS95409808ST-4-0,CCIS96387239ST-4-0,CCIS98482370ST-3-0,CCIS98512455ST-4-0,CCIS98832363ST-4-0
CCIS00146684ST-4-0,1.0,0.42892816640163633,0.5260779617283479,0.47426603621637153,0.5336601489550952,0.3657751343366509,0.49385830765993,0.42490843447238746,0.4411404350360315,0.5250175275398871,0.5243052321409549,0.4932013558163233,0.5494014065939639,0.48357316614046253,0.3115664599627226,0.4692607701822441,0.3884773989572854,0.39583604133391725,0.16456227349000563,0.46584100131469564,0.5169651723981273,0.4393457440960068,0.5352268894172174,0.4386922638525377,0.5041008586726626,0.45263324926210324,0.48480298400762445,0.4779970973729504,0.4738109790053706,0.3233775116918376,0.3348804579553001,0.4363481411264365,0.4418088113430676,0.4011820646739388,0.4399197876901524,0.5363446400992578,0.48313511776176843,0.4742761214512162,0.44586378219583334,0.4190970342061069,0.5116273166314524,0.439291682115003,0.4938867985469997,0.3931154011185899,0.5273939193073496,0.4868923799853966,0.4120151711151019,0.3952847889567166,0.49511556573557647,0.5014290097780162,0.46533766621217887,0.3772599340923031,0.5422170766243205,0.5045780196620159,0.4311838655691267,0.3486081308410518,0.31173393172980357,0.5514937584347717,0.4798364285586586,0.4899691769018466,0.48076978776573165,0.5212895749329177,0.47629244082145705,0.4203934281613292,0.3051691259250209,0.523077070784424,0.5341042367059412,0.44557969963264443,0.4852718879439599,0.44649848494512634,0.5368324568606123,0.45107465175979944,0.5132369371992812,0.5182345103549016,0.4044440687904989,0.4773453062174844,0.45124318408715713,0.4787547683237272,0.5341075355018465,0.49050903890335573,0.5306888784392031,0.5342896656082109,0.5315020727174985,0.4496555710496508,0.41432396792991677,0.4892794023771727,0.5100367364988454,0.5315073851920911,0.31446688456349126,0.5008632399764127,0.5127734801212906,0.5127068431071239,0.453923082378626,0.4805256642899851,0.4803317958213852,0.49690119258275933,0.38830423193536134,0.5012609256878714,0.44572636339283167,0.4159065518942803,0.5415194529626437,0.39350447600679583,0.4482405085959309,0.4979967797967273,0.5489471447753546,0.4829611439481363,0.2763799466330452,0.45829772121437085,0.32107951751285246,0.3973357595599727,0.4575667658854189,0.4849587864905188,0.30986912040760795,0.40859236486552786,0.40802424938453474,0.4429031783548365,0.5119445571802248,0.3843868305331555,0.4166262037728725,0.4430444574977974,0.5232843745976968
CCIS00281083ST-3-0,0.42892816640163633,1.0,0.40415626176106767,0.4343946001803556,0.41507526515126614,0.33716072881883974,0.4012164596944623,0.3721242303322845,0.43395081858769813,0.4140810616333045,0.4475587265677663,0.36277825253635365,0.4078074592662273,0.46655131834948094,0.34591678075809584,0.3376219756915607,0.2604611663846066,0.29172472382282244,0.1069395761533134,0.3810628931102459,0.3923998377653668,0.3856449504726682,0.4229973994430447,0.31211247861842617,0.41224835225479417,0.38176133430706294,0.40035146914277,0.40022550211943875,0.35998958305964135,0.2807155103012299,0.2598921304972991,0.4064529240800021,0.48028072895865126,0.345434845286669,0.3889239246508558,0.4825675508644771,0.458586590388378,0.43396593023695507,0.36735319707393455,0.3618680513579059,0.4207449921909059,0.37130788501776135,0.3754906950564725,0.3182905682918925,0.4242643835051194,0.412808408229161,0.43376228046645005,0.22533441646802332,0.4146074523766463,0.37878811728909056,0.39778417694383017,0.2606471716746771,0.40412660728999295,0.39971712322478303,0.48773358065575145,0.25293158230426593,0.2916944477138743,0.4371088482386609,0.4281635879313974,0.405154355561534,0.454164452750476,0.4186002278145049,0.3843493686889059,0.2780160905784108,0.2163478185796439,0.4159795619532778,0.4566227138721408,0.3165839675395412,0.4128922191182738,0.3812405790333546,0.44142376049050114,0.40760202206600904,0.4429129760011916,0.45540521173170334,0.3571777199862668,0.3880461641435202,0.32384569742807723,0.44813091312280684,0.4613851886510796,0.41731568824423126,0.42997508748577973,0.48359430768584755,0.390753271193652,0.3717960905734834,0.31469158064820957,0.3971117833404495,0.3921170142832924,0.4000413029611658,0.28903321655676506,0.4495823942148337,0.47064540129066934,0.458992360294857,0.33005917212264113,0.4336855208788657,0.3890125934759402,0.3900223521047905,0.4530629125665112,0.35593546836928946,0.2822997434239263,0.30518047937450044,0.42009893312197244,0.45874490960938674,0.4001988472887493,0.43402972437786735,0.45249193201717763,0.4096222750537888,0.26798854584952514,0.4239537972048557,0.2254080545604018,0.32743585996207036,0.38121311083620313,0.418613925063411,0.2724884310304184,0.38840635015319624,0.37083064609833727,0.3602238311875009,0.3913918053309461,0.3781940997272226,0.49135866822322627,0.3942944824063914,0.4359894422381281
CCIS02124300ST-4-0,0.5260779617283479,0.40415626176106767,1.0,0.4437609149784669,0.521171694081276,0.36867197851124844,0.5501654183588149,0.4535832253922063,0.4423057942918497,0.5593746696635626,0.5477528834308764,0.505841537559112,0.5223148812730577,0.47960864068730436,0.3089757778237203,0.4847460924415654,0.4365760479561651,0.4420774621038126,0.22113019809243084,0.5278440816187548,0.5014014451008063,0.5252685038490577,0.5364977027994755,0.4823057285940904,0.5008390642809112,0.47034620425757456,0.5177104048179427,0.5030454514848561,0.47455209605862847,0.3669713054202447,0.34294186527621684,0.48154016856380566,0.3912664377004278,0.43852431344622045,0.4805205886468491,0.49957784566605157,0.5176006606463421,0.4879925971419765,0.46647108705551776,0.44746744659631976,0.5503004307652757,0.4515003548807519,0.4805086338440604,0.44820017197020645,0.5205318712992142,0.4868738792931714,0.4392649684446581,0.3813540560238672,0.5149901929748759,0.5563392326359003,0.4735271425537223,0.3773166445503162,0.5375646255251891,0.5201530195603232,0.40060144075920323,0.3746865290752316,0.3161821031500509,0.5310263757557957,0.4740949500758058,0.47004724520943286,0.4809641708375463,0.5398198311317478,0.4940996055164808,0.43111127524213466,0.33165632561194225,0.5556978923937592,0.5008824255607053,0.46555976012251155,0.493107648523166,0.42501996483612703,0.5330936735193234,0.48436686017893904,0.54815764850795,0.49351000437063786,0.44582487148320515,0.4761512658049043,0.48347146381249173,0.49673250731506,0.5141760120654164,0.4403635471047773,0.5192596944958047,0.5100823625326093,0.5225462716606417,0.46646519963315525,0.43058488394305405,0.4848070930071139,0.47473852571722075,0.5250351452486663,0.3557452441034742,0.519196115353322,0.5287231767447693,0.5250878324870354,0.46746500815455294,0.5313619821663319,0.48846311383753604,0.5429723668470872,0.38957110416883967,0.4890742670057451,0.45073640685703886,0.4464117427059211,0.5217333589641562,0.3711352088891291,0.5087428202662128,0.5394349439759876,0.55870513997687,0.5315635338252854,0.33243920552861383,0.5037413767349092,0.3721354530456703,0.43920644266374986,0.5096763783353894,0.5131090560539984,0.30160165362865776,0.38166518793899784,0.4524649116050534,0.5045258048844523,0.5187328681083495,0.4116619948045348,0.3987437743986193,0.4297157209121566,0.5231522825841012
CCIS02379307ST-4-0,0.47426603621637153,0.4343946001803556,0.4437609149784669,1.0,0.4621608103327681,0.3761486453692129,0.4185562605035711,0.363122276907067,0.43465383058775897,0.4526370714881758,0.4770113105281708,0.46993629582280216,0.45043875687766644,0.4586513371120442,0.34941772653518366,0.40936467810891375,0.31989050582467904,0.39707439421974766,0.12980764503746078,0.4413113667877342,0.4212171957106705,0.41531328683385804,0.4345294340988919,0.3793784093399397,0.41171082075389065,0.43423875255234634,0.4101354146542292,0.44649141120435953,0.39322801801366125,0.28324257635688976,0.29573693635644793,0.4281327284838602,0.46179128627743404,0.3742182936772953,0.3997918749905315,0.49389523311441985,0.46994490144907375,0.46077692533138936,0.4670848037988198,0.3868972583928054,0.46002597169009873,0.44030457248685784,0.39749017085238725,0.4020555615586897,0.4245366281093754,0.47119457447417323,0.43195787302874156,0.27802647885153253,0.45475623609862603,0.44151038380090823,0.4522235009596628,0.30980292511285956,0.41673424292754335,0.441340488447195,0.45753230899843145,0.29710238048778836,0.28585497372116486,0.4701867717624708,0.4482176469530381,0.4336247486599636,0.4444642597437096,0.46239596151444773,0.4009273291227471,0.3535470386832311,0.25608452075774735,0.4563446885952829,0.49064285961278753,0.3674331822978816,0.5054860885322604,0.43980214413080354,0.48406941235732603,0.4161868525250191,0.4682017657288976,0.48140390537504574,0.3975437524661156,0.40043768178646255,0.35912991855159215,0.4636418503732471,0.5001653532640313,0.4205885372714846,0.48191831121683193,0.5032107286275317,0.40097588882789426,0.4075607207473022,0.41997252713494304,0.4161138001722261,0.42891742628109863,0.4563095550436307,0.2892585032744516,0.48372009478142597,0.46104644081881874,0.47671582497012666,0.4042758934141648,0.4356177493578377,0.3948540733968642,0.4303410767065663,0.4012973569224778,0.38543861191264894,0.3669296819574821,0.34853470417729504,0.4973273136533911,0.4514978839021566,0.4156299803969524,0.4456080729524883,0.4654618591776587,0.43901194493100837,0.2743318668430378,0.46575384697318944,0.29751636337194354,0.38344662017737086,0.4372736020836472,0.45453094037593433,0.2760363192401898,0.3961266289853893,0.39818004563250486,0.374998253478644,0.43977046403022846,0.37432181975857026,0.4292223986867689,0.40247048424591003,0.4770524261965243
CCIS03473770ST-4-0,0.5336601489550952,0.41507526515126614,0.521171694081276,0.4621608103327681,1.0,0.3740172464210574,0.5073470744928454,0.42620052370305617,0.4720937958894682,0.5568079163873705,0.5319592127757421,0.496610272169107,0.5450591356614582,0.4836357049876133,0.29950365649684496,0.5050502055784225,0.4004643081114234,0.41330018490908815,0.18192390154143723,0.47591022562562,0.4637786065156355,0.47963598963675125,0.5052208588725472,0.49422121234338423,0.5433551394616853,0.4801513325178801,0.4753467916166225,0.5004995545874532,0.49942290960521063,0.3420702632338115,0.31041423728521644,0.4696867173760657,0.44114376915302955,0.41057926106632114,0.47777518560920307,0.5436958596694769,0.5477005737167231,0.5155845529214289,0.46629581986127566,0.42199476942970815,0.5342617138174072,0.4614094828108476,0.49186984764637476,0.4342008633163741,0.5066892236103544,0.5165496570243149,0.4192869271849715,0.3354899313119464,0.4983118921658598,0.5019162709695997,0.4996490416904612,0.33165512420608134,0.5143468794014354,0.4937323650370282,0.44511308731605015,0.3740240967935551,0.31266115650509296,0.5701967530726737,0.466559422338201,0.4637998703453148,0.48862537727882116,0.5116785325650222,0.46350632808143644,0.4002997892105753,0.30206812951441375,0.5113914155203769,0.5415571503504525,0.42933700378321005,0.49677969257913124,0.45092786684377817,0.5088092642863546,0.5167897046602395,0.5559902026762378,0.5198005794064979,0.4245433427528409,0.5282710643455027,0.4591165756021911,0.5049308638169883,0.5466635525014796,0.5156854600217734,0.5335403936736814,0.5188699172017153,0.503150895913208,0.4873695692834872,0.4169896822473351,0.5255431026978558,0.4392248911535622,0.5387389756037346,0.33810515481933734,0.5393897525463285,0.5459401947007552,0.5448819450850596,0.44076690731080337,0.515914985514849,0.4687734223962581,0.5008730237111337,0.44352032991079837,0.48484132296767934,0.41621272536913745,0.43490807891075933,0.5271834500549039,0.4288128068268544,0.4938559951825465,0.5160926003775255,0.5423682427006693,0.4914925113490344,0.22352522092068838,0.5177818922664282,0.32578543235651347,0.4175759049000871,0.5220728934769714,0.4827437010776623,0.3067546613657889,0.4513217019447875,0.47820291088250366,0.4790169276743752,0.5327149228173704,0.4070760646342697,0.4332045371896893,0.4634895898887075,0.5181292279874967
CCIS06260551ST-3-0,0.3657751343366509,0.33716072881883974,0.36867197851124844,0.3761486453692129,0.3740172464210574,1.0,0.39561370898811776,0.3377661694372076,0.3854416967226969,0.4129386775819308,0.36239012849005725,0.3616749885209529,0.3999676039082414,0.3918712189380533,0.2679701835322652,0.38725163599250967,0.30528657575249274,0.32669727583353825,0.19064456361669446,0.3205816224689677,0.33720233084864115,0.3304870904578805,0.40887489085373785,0.37415123741266665,0.3474542445861477,0.37183645699951207,0.36317798310927774,0.3783008827376777,0.3435666262872171,0.3037685065269039,0.26398340217057426,0.35014856193970156,0.3717582840165057,0.323989237265913,0.3397510883597732,0.3945211516253232,0.3731326173447229,0.3768375473170744,0.3920263499792287,0.33112396990752424,0.3538254290502689,0.347177086810208,0.35822221352226014,0.35451604761587374,0.31825584193832634,0.40412789534970517,0.35652905515718913,0.29851215744252935,0.39500828737463256,0.344636822060145,0.3724131781587663,0.3082788586856887,0.3666277072192109,0.3677975030574201,0.3442163256640397,0.3568073559400884,0.2287185743742045,0.393208587663318,0.3816919316832734,0.37151179359963193,0.34035189939169586,0.34486461107564925,0.33416730485229795,0.3338556886237827,0.26516328748426066,0.4286474716368597,0.3655063969666126,0.3747291360508189,0.3836089214540299,0.40410266614042256,0.3891054597346463,0.3381150037279004,0.4006855587194178,0.3816592325319599,0.32640126264466907,0.33294675651095207,0.31943564659983015,0.3388921877459088,0.4327037623222989,0.369735691424954,0.3775369576521932,0.37730189514259416,0.38521805906582784,0.3655953684167781,0.2804604379995841,0.3357201538434025,0.3465824934548305,0.39623316192143243,0.34205892999850973,0.3599452810250672,0.40564372604693566,0.39292575692892473,0.33283395577272434,0.36483325885312223,0.34830911506730633,0.3355862395876512,0.34596768383375665,0.3776916126082892,0.3391596715311822,0.3713519870946669,0.4316438848663904,0.35608230027466403,0.3677862197333578,0.35968912830975863,0.3555410868535829,0.31562109252489934,0.3225679571886968,0.38355563128159664,0.274789424465403,0.3495007209690054,0.33068170827642895,0.3798161435252573,0.2703407786938229,0.32411108771167485,0.31051853709661614,0.3391147205621392,0.3669946205153296,0.26007110258138166,0.29337220548015086,0.3314059265962128,0.35528308416421917
CCIS07539127ST-4-0,0.49385830765993,0.4012164596944623,0.5501654183588149,0.4185562605035711,0.5073470744928454,0.39561370898811776,1.0,0.4945218039921453,0.40646224524055863,0.5578682776718559,0.5194847820413339,0.48597858433274777,0.5214540204889799,0.45763853875106286,0.3060683166343938,0.4738684020511936,0.42535031552131763,0.4385258318640679,0.25888591012969586,0.4779163451024546,0.4687374518832187,0.5169664205348128,0.5483519656280577,0.4786048772029705,0.483241750877452,0.4456892095072369,0.4993883279178717,0.46946693810601925,0.4396484534011267,0.3592906079981104,0.3365580818171068,0.44973383529515143,0.38420740055548597,0.431658707178995,0.49667779799091805,0.47397201851018744,0.4703825600981286,0.4843008626684677,0.47204465706839005,0.4448000232651297,0.5311183081164444,0.4604647010402376,0.4947414574191418,0.4436356211015746,0.4961367115506534,0.492942106413504,0.42403517719219463,0.4158428850423197,0.5098590599899198,0.5568600141307439,0.4939936713851907,0.4156423671063023,0.5160825000075703,0.4960795836504326,0.3764638632775221,0.3927306937024444,0.3042895748184231,0.5191462452279015,0.4832452218836789,0.4920086212666863,0.42150523853577826,0.4822533814298241,0.4770915939755447,0.47984636828205196,0.31735758131544534,0.5583757201379542,0.46721616100711716,0.5143483630487229,0.4790608697661347,0.4409683313162922,0.5392307023082661,0.47608881670503034,0.5322746555118272,0.48656822479001405,0.4310398118725576,0.4340122974509477,0.4485273036728019,0.458359228770739,0.5016974890960745,0.4714183326373018,0.49132003633053234,0.47302075816683087,0.523750208888473,0.44719598013032746,0.40849841353797367,0.4734036033042893,0.5002784547409993,0.5211308561997713,0.3649536519772003,0.45602341055329954,0.4975236951532359,0.5276487941782902,0.4465860296379467,0.5163288850838289,0.5174280878633157,0.5177571038312094,0.3757019464007858,0.47587638226520035,0.43669160646630734,0.5028407127087935,0.48889138490587425,0.35674577387157325,0.4620381302803678,0.49496002304767006,0.5071881980789495,0.45805932286434636,0.3445095886589019,0.5018747770656162,0.35825562271535305,0.42219076645399833,0.45310845052466475,0.5517933394520751,0.3363728216812658,0.34528970448237883,0.42521421792263836,0.4908007713153547,0.4908184417371102,0.3877042281393277,0.3580361519173523,0.46365668659715376,0.4733353162571965
CCIS07648107ST-4-0,0.42490843447238746,0.3721242303322845,0.4535832253922063,0.363122276907067,0.42620052370305617,0.3377661694372076,0.4945218039921453,1.0,0.40116148045019595,0.4692314211984432,0.4002916276094284,0.428902016085412,0.4664425659098832,0.453071568829984,0.28401181983146795,0.41124809554214337,0.4102222404069028,0.3864130960537282,0.22264418301088462,0.37486369254093266,0.4155817468052927,0.47217614568403377,0.5060987825738004,0.40202854040402436,0.4087039149889289,0.4047015680074071,0.517658990012081,0.43632510142284486,0.3655752436333112,0.39749561448246784,0.3337617284593086,0.4283835256182382,0.3502394075743126,0.4278119024428435,0.4199784698179876,0.41965556777387736,0.41645936274489637,0.46206065437864374,0.41672191148308046,0.42019268622254724,0.4464429459260334,0.38017416829654627,0.41248595537593935,0.4300420115669844,0.42684636277382837,0.459653003506429,0.40032282566750765,0.3828712932657232,0.44019488048234523,0.4472580319908437,0.44147684846715696,0.41436693719491013,0.43741738988930257,0.44494458797327285,0.38994458858387726,0.3463341201591631,0.24401258070760234,0.4281329845883973,0.4557424548478589,0.4607400125553007,0.3798820663806499,0.36740276868463884,0.377085712514889,0.4556396553677289,0.31744044636192825,0.5168849269724305,0.43100741778576324,0.4605607673038359,0.427510762725113,0.36215204696509273,0.4488614690834887,0.38995536638146466,0.44629677376056454,0.3923019247467334,0.3703491496561979,0.3555765024267439,0.37878237979530605,0.4648877180535942,0.4485598523680141,0.4763036959057607,0.47173276130258046,0.4191207674943467,0.4693295189303486,0.3799175005086559,0.35546518777802383,0.40576589579366984,0.5002063046003592,0.46045325640380264,0.3508505565200143,0.40926699863868476,0.48343159102706434,0.4921426324916821,0.3602512265820974,0.44783584619517103,0.43415121127971634,0.46598195109462603,0.34535214328620656,0.4256437653832872,0.3980254503429592,0.4261802199391882,0.41884783867509745,0.37724616507536557,0.3482103554899745,0.4825037289834364,0.4271347747167926,0.3977379974211339,0.3531107721718506,0.4300469897760555,0.37454994878038916,0.4751554671507392,0.36692640319410796,0.4982582402306033,0.3675214042598014,0.32370193637037836,0.3770209470717678,0.44149352121768903,0.45228298506119247,0.33937546083765957,0.34018000198374077,0.4869728800609705,0.4169147298962902
CCIS08668806ST-3-0,0.4411404350360315,0.43395081858769813,0.4423057942918497,0.43465383058775897,0.4720937958894682,0.3854416967226969,0.40646224524055863,0.40116148045019595,1.0,0.458810444300392,0.4494950469652612,0.4388618789721106,0.46001276519728906,0.49613399957965165,0.3243677863443377,0.4101296067492308,0.3285612298628171,0.32111432389349737,0.13519548825318772,0.4349200473607504,0.3825027345401313,0.4064398633576223,0.42587602748621944,0.4027064992715337,0.42369032119924266,0.4246362904434249,0.4149234954335824,0.41992713780563706,0.39956266725744105,0.2992189815750699,0.30175038518703456,0.45106007334971143,0.45214306951564387,0.3791586428501237,0.3817090676399202,0.5069913898863572,0.5033595457439973,0.4477243413114135,0.4030276783201131,0.3666101877776873,0.4530049005431459,0.36313049566469835,0.38312443022614096,0.4065602611490384,0.41210357343679993,0.42656056705470013,0.4007750188920858,0.2677107966866197,0.4841520660634644,0.4340257313885387,0.42265804676728624,0.2912686087554388,0.4223761690543113,0.42558080642732277,0.4710400047419586,0.3214036213392665,0.31082181276856247,0.49544459954969977,0.4181489362755618,0.4234481601169491,0.46304314541572644,0.4074868610750124,0.4001363388918914,0.3230441413767402,0.23793621296613077,0.46831091032491634,0.4854740494592953,0.3530700072341215,0.44747666073854875,0.4274885824198985,0.4386428923986636,0.39393823369917547,0.4608878549329668,0.4820513448602901,0.3512956629668573,0.40034819235163055,0.3961906980636465,0.4345342480082601,0.4845484999327083,0.4336510050990101,0.4514844671301379,0.5047115223635363,0.4219036856946433,0.41743838746447015,0.3273000652619269,0.4162897031774615,0.40006090366846303,0.4589377060433627,0.3070296700845171,0.47402674796826827,0.46587195328660314,0.5032421450504807,0.34975717829289243,0.4461381236420505,0.401507867606953,0.46274836524402707,0.4651113661632873,0.41111850178260867,0.3447553895469857,0.35513476786300624,0.4563664617211457,0.4631378303787155,0.43141178611052566,0.46797179159372126,0.47721818150980155,0.44124572442665877,0.27309231569116554,0.4351475313076777,0.3392535385768365,0.4047383646653713,0.4251422198724044,0.4044379355169563,0.2748682558085995,0.4485363698882696,0.3880643950939373,0.3935727678256653,0.46048009434147097,0.39481370884382505,0.4534812951644138,0.3774257274002617,0.46972191312669076
CCIS09568613ST-4-0,0.5250175275398871,0.4140810616333045,0.5593746696635626,0.4526370714881758,0.5568079163873705,0.4129386775819308,0.5578682776718559,0.4692314211984432,0.458810444300392,1.0,0.5324772685958127,0.5066731624212452,0.5534845915070656,0.5143936920732707,0.2843282433376091,0.5039492486866374,0.42185178438208415,0.4682926379449681,0.214179211475505,0.5199910758076519,0.5026810753658865,0.5196942541260088,0.5665601987715717,0.4812338834719251,0.5292720589849513,0.5222080906037742,0.49614573762077185,0.5379655150925111,0.500361767248196,0.3547999112382676,0.3241696451306002,0.4660899521800399,0.43338124945536216,0.4364092534848223,0.4756163991165092,0.5451490112828132,0.5388406834541962,0.5387306509091575,0.5413325691373526,0.4699178248305518,0.5624926369242935,0.4945986376642897,0.5033502522303474,0.4798004986717057,0.4966953473815138,0.5429082065749067,0.4734887751778818,0.3627955191848622,0.5078283734841262,0.5535836598182164,0.5159698021169665,0.3575443703644181,0.5102279011754259,0.5286452586870865,0.4325981102668307,0.40900697965306154,0.29862521078144477,0.5489641906257625,0.4992372187614007,0.48855299798332985,0.49992609230070084,0.543640755792873,0.46371246506882,0.4352789694750948,0.32242427855750144,0.5511400413854326,0.6177650578229217,0.4933458150026172,0.5482612790154692,0.46205386582825025,0.5426080396509455,0.4993648345305649,0.559575905398942,0.5002532079101482,0.46944694164879675,0.49809463571978996,0.4904237663518365,0.521350951846257,0.5647944405204268,0.49018684503064613,0.5226189291097876,0.543074538733127,0.5694269258229367,0.48257911047800006,0.4318269983978309,0.5069624292356009,0.5162745475820624,0.562042997162085,0.36942613174295746,0.5586854768148641,0.5505369987583549,0.5496184509881791,0.4492902789989244,0.5455145060340337,0.487314684285299,0.5216897594422227,0.4358590858317998,0.5038595221351876,0.4079706474337397,0.4844829913479636,0.5495399048245331,0.42672949998573717,0.4842647813958818,0.5231884916280639,0.5186850528049395,0.519185666102539,0.324289073519916,0.5125542634442269,0.35446791266023703,0.44210435373879653,0.5279011754272801,0.5270249566314883,0.31037283599395826,0.4271875430176897,0.4483073079356772,0.5025849068069697,0.5437841965498724,0.42178050275887013,0.4223123189165867,0.4765540292280266,0.5176165698383928
CCIS10793554ST-4-0,0.5243052321409549,0.4475587265677663,0.5477528834308764,0.4770113105281708,0.5319592127757421,0.36239012849005725,0.5194847820413339,0.4002916276094284,0.4494950469652612,0.5324772685958127,1.0,0.4742949765102329,0.4883649662274123,0.4890409185191211,0.27512818185872057,0.4537448567629244,0.3899521204068085,0.44369271671194566,0.1747311151538926,0.491363999913103,0.44873200830683513,0.47473881011628727,0.5288472739414253,0.4385499341616975,0.5246917138553026,0.4717402499257204,0.493347506875933,0.5047567812431616,0.48637613738660446,0.3012032891498102,0.29373218317527117,0.4341669913769727,0.44366219799154116,0.3946021937310693,0.470968539642863,0.5317623269080122,0.5159664691871927,0.5206456299919412,0.45961778098679085,0.41929161258421466,0.5913503120803313,0.5108050519732424,0.48511369669686544,0.3800274517307374,0.5173949254486754,0.49653387407685123,0.44792834249260627,0.28885034442243196,0.45773693786561886,0.5406351636872184,0.49029065493798785,0.3496591382578079,0.52813913447215,0.5118080014331469,0.44413006794352183,0.3319350668868303,0.2812169975884311,0.5340743476328115,0.47729705165188174,0.4404648925595489,0.48256939913954455,0.5719977533946655,0.5015776132351912,0.3934239496971099,0.32716156330281065,0.5273770534983615,0.5473362249742706,0.4214490520182932,0.4552666110242978,0.42866739820063327,0.49420938254973834,0.49633329531211134,0.5219370345786387,0.5085197361488609,0.4197367684370532,0.4850196095004833,0.4754539181858546,0.4954785239174144,0.5698131278201934,0.4663437836202753,0.49989050367089116,0.5311445206795196,0.5192699946358839,0.45332726564036063,0.3667689019614304,0.480954190452334,0.4431502116417978,0.5111614725712437,0.2774565813856633,0.5330409539379884,0.5447809888222822,0.5200723471944498,0.44952937031517237,0.509013722180336,0.4620105024735427,0.4687137378940409,0.39914495562423946,0.4762701505376524,0.39456548831886373,0.38793550285057377,0.5328717727076979,0.4462009355437029,0.4837379443436619,0.4995744529788666,0.5405362775314579,0.4616038088550679,0.2935025064030363,0.5096752520282337,0.30200922633012417,0.3480287604516177,0.4907215376028915,0.49980276379605537,0.2735203754934168,0.39138107400529365,0.41921733504153424,0.46793621759417414,0.5468509352295012,0.39302491484406477,0.45044961979686415,0.4180991601954416,0.5151551586378306
CCIS11015875ST-4-0,0.4932013558163233,0.36277825253635365,0.505841537559112,0.46993629582280216,0.496610272169107,0.3616749885209529,0.48597858433274777,0.428902016085412,0.4388618789721106,0.5066731624212452,0.4742949765102329,1.0,0.5162883831410348,0.4401602990861886,0.33004486541893785,0.4700132787646265,0.3698367972685799,0.395963604278071,0.129418957102163,0.49699192678731297,0.47563641235955,0.4527816796864993,0.4846079465319737,0.4323396512903259,0.4682222205188279,0.5024132291731537,0.45676241574206333,0.5022750928180539,0.41860647566495424,0.3540557351522303,0.34831065784917026,0.5070528783586108,0.39009737630012287,0.4246585092209566,0.40455725686262145,0.5097315336020595,0.49917004441602497,0.47540819198649353,0.5065828867783216,0.4138159385799185,0.49110953581778016,0.4232473254722343,0.42961048760280374,0.4655760348706035,0.45220869847414624,0.5115500712943079,0.38547946538188693,0.34571992694799325,0.5408932657838188,0.4773548250341022,0.4591966392052955,0.342083363065634,0.5033985526785931,0.46034208696400714,0.41353640434330763,0.36255946357381674,0.2935418288283973,0.5321197559795996,0.4583664042268194,0.4614657021150341,0.44764312859103006,0.47069553787069407,0.39048122512428907,0.40503102634582544,0.28936681159064204,0.5101427586105577,0.46142550230147417,0.45306162867578204,0.5517557551631868,0.43898242275807653,0.49107622355098635,0.42001664058304145,0.5063320012723261,0.4897333051123195,0.4219350601183005,0.45951484852484836,0.3730464846240391,0.4539599463959838,0.5264961643044994,0.45412230436747447,0.5003742713831723,0.4946993636334496,0.4683597589596722,0.4595204207866388,0.4072837589357361,0.4642437139379718,0.4821162450533213,0.5135483412678278,0.3114987282204936,0.4842117693231216,0.4880391039078843,0.5418264193281057,0.40267135255509245,0.4773735406320241,0.4345033111741218,0.5293029749563863,0.43196020961266535,0.44022165755622256,0.37581206946826795,0.4523969907212412,0.5123712531633838,0.39889670522159393,0.4476176381708783,0.5569727037086896,0.5363221377403862,0.49717427463217634,0.2792618120032363,0.47923192311602514,0.4107656013439931,0.45020269907046573,0.47030155439073096,0.4818067586778816,0.30530464288132275,0.39630661921186505,0.4043126003914319,0.45703243587400555,0.5017262244084815,0.4159230167763419,0.3693481618604002,0.4345078967345879,0.5064428101917225
CCIS11354283ST-4-0,0.5494014065939639,0.4078074592662273,0.5223148812730577,0.45043875687766644,0.5450591356614582,0.3999676039082414,0.5214540204889799,0.4664425659098832,0.46001276519728906,0.5534845915070656,0.4883649662274123,0.5162883831410348,1.0,0.4651937141700576,0.31687722519383876,0.5053832946668857,0.4309502939754095,0.4106044974558224,0.2038545558420709,0.4539577976744825,0.4982721733174329,0.4462560365960011,0.5435699741539258,0.4647064466314885,0.5013284284343679,0.46963097988655034,0.5011769936971713,0.46302276911317874,0.46778103281754957,0.3880710064249707,0.3666293829996141,0.4771258048685274,0.4183491543355149,0.42159025038610454,0.472305072614593,0.5160276392363261,0.5130458287792421,0.48420079490115386,0.48558299705845176,0.4094385124929715,0.5062642046527817,0.43443704730207455,0.5048108016844505,0.4543693531206946,0.4825552506467069,0.5041221867877144,0.4445019539913996,0.4183057035875315,0.4992639173050841,0.49471828610560764,0.5048403478001569,0.39251912801875233,0.5350859087364883,0.49927856772146484,0.407444781825789,0.4056869379396162,0.3080667896999141,0.554892800586287,0.5059204467503761,0.4972875775464034,0.4580972571074253,0.47671196085752654,0.46633257744975665,0.44672226089357303,0.3438990766989689,0.5702427985990843,0.5139633669785771,0.4841816402452368,0.48622540128859026,0.4617091366574546,0.5391060003362551,0.4530900524673962,0.5359798702215335,0.48225981921539063,0.4034864576889945,0.475615968265074,0.4277747696318095,0.4852729686672861,0.5174495395814952,0.5207226283804013,0.527071052402923,0.5212436460549441,0.5417615015080922,0.47035136330516525,0.37622489627431976,0.4998310883424044,0.48289177006055406,0.5209368236548513,0.3619411431282741,0.490562351864382,0.5167302745686578,0.5407630505853478,0.4368222873951233,0.5037197454554707,0.514420645960764,0.4878912065117853,0.41268460566746334,0.5147520485835981,0.45324527784299073,0.45242766875289786,0.5225006664854771,0.4012027876986517,0.47027710018452284,0.5252903445063428,0.516345984531503,0.4670845715048204,0.29914586011244926,0.49989747310004895,0.37973445847854015,0.4431876322356294,0.4653366666557165,0.4934087373488871,0.35759959814197395,0.39370528612110134,0.4313372893171007,0.46691439389056333,0.5106235224991934,0.37433481893923726,0.39209987603629703,0.46364710976411816,0.5115202371580955
CCIS11558985ST-4-0,0.48357316614046253,0.46655131834948094,0.47960864068730436,0.4586513371120442,0.4836357049876133,0.3918712189380533,0.45763853875106286,0.453071568829984,0.49613399957965165,0.5143936920732707,0.4890409185191211,0.4401602990861886,0.4651937141700576,1.0,0.3347365596507833,0.3976168919846722,0.36379264946711865,0.40684662624484647,0.1939062575233631,0.45878420198910663,0.4395157918889385,0.48040377163930503,0.5184694501564073,0.4379130035765362,0.4631835546335491,0.4451699715391705,0.4949036281055501,0.46739695452354457,0.4086234695298374,0.3216160027764787,0.31712366263414693,0.4876374574787201,0.4540219127200844,0.4065439301454168,0.4306058884360394,0.5273837408902433,0.5044740669209576,0.5091003763380316,0.44089987758101956,0.4374228713070911,0.4981035554588036,0.44746382214970826,0.40669162799437775,0.39396009720734726,0.4704291169004222,0.48411236430595606,0.43009624204030894,0.28554826451140003,0.504016310726377,0.4768471903253847,0.4578126362384186,0.32135382975035043,0.4535918449431897,0.4608305411485648,0.5078540805597356,0.35308487484047246,0.27661305915177103,0.5090669076341932,0.48217410361921664,0.4951149651140232,0.46316291421942446,0.45559924607971647,0.4481331165847826,0.3631208283384454,0.26287750529226783,0.48899182345902503,0.5089560526196113,0.37372442275477935,0.49468191893813984,0.4755341722553086,0.49884294843385735,0.46212434148922965,0.4964000197403926,0.49483266074358934,0.4031251112314278,0.399695040493219,0.4262399500384477,0.5026639433206637,0.5115930201271185,0.4825300469194559,0.5155802707839946,0.5467066365258398,0.45544579492956916,0.45299155323698637,0.39034660170841184,0.47250153678315066,0.5004784753721077,0.5380218896113923,0.3566358717676781,0.5415446364052862,0.5064262177300594,0.5382446423451979,0.3891997974594962,0.48964606273183087,0.43690648999419723,0.46196728531176046,0.4420322845178406,0.4166017378163305,0.3699304371312322,0.40926059469698584,0.48801518789692344,0.4659017536546268,0.4530317487680844,0.5420732839616481,0.4973091517202335,0.4775706309560095,0.2999786310330237,0.48471407719956705,0.3544667586898004,0.4314579745101823,0.4252322707621965,0.5241405699895112,0.3020709703700961,0.42548771311856637,0.39878064195838414,0.4635839509893631,0.4905383488719328,0.43296730723087107,0.4386372922275781,0.44416819169923527,0.4903946473951746
CCIS12370844ST-4-0,0.3115664599627226,0.34591678075809584,0.3089757778237203,0.34941772653518366,0.29950365649684496,0.2679701835322652,0.3060683166343938,0.28401181983146795,0.3243677863443377,0.2843282433376091,0.27512818185872057,0.33004486541893785,0.31687722519383876,0.3347365596507833,1.0,0.2758181410434989,0.2265227823226219,0.2429015914720657,0.10796755595250829,0.2898474339915207,0.31948581227939443,0.28579895465040117,0.3007439065869678,0.26029158331490476,0.30345507678376227,0.29979777450492096,0.2886619098927852,0.30880716421555965,0.2656077952732754,0.23643210176799434,0.26828492097434065,0.32316086164189617,0.3151942515770336,0.2585277399745265,0.29698688649774296,0.31033427265625546,0.33125887625619144,0.3118070992765173,0.30240871520004164,0.27793107422666197,0.29293628544954675,0.2595782712065764,0.26135261721186276,0.30587505529702597,0.289562786007719,0.29149463398691244,0.2935497691559771,0.21471754517135389,0.3071496984072668,0.2823141966079936,0.29177169390601265,0.2372864519448049,0.28687246666159005,0.29350721313261685,0.3540213437999826,0.25610930057683445,0.27027315287599873,0.335160216024729,0.3518641944323153,0.3453809710144399,0.320619670533424,0.30235241620650477,0.26733955097637674,0.23438559855358088,0.1970104942869918,0.3157846384515305,0.29681868119195587,0.2612254091023125,0.32496245671106383,0.3151079888248869,0.3505168228634533,0.2855938421956259,0.31640610932069024,0.3553505221424078,0.2778844404329144,0.2869996285718053,0.24196323000589182,0.33526906407793255,0.3294248141083579,0.2855532627343915,0.32750357928970963,0.3396062778898401,0.26905691457286296,0.29378562200016245,0.27700524464769893,0.28407937329220023,0.2605297909209562,0.3076413707893142,0.2752491216421975,0.315051801567354,0.32131608705056225,0.34167338062730046,0.25330712882682904,0.3124476516480281,0.3257320197196434,0.3060649546514239,0.3310093384687065,0.2582355620578688,0.2582009003302794,0.2348843568564818,0.3125221657556636,0.3251963956038999,0.32176029477676504,0.33181248559245946,0.3190430593944782,0.2991923765492428,0.21651805885540798,0.32944486240397697,0.24210699243227374,0.2948573400693637,0.2725819542370882,0.32160485585948184,0.2429393610806473,0.2994140986916436,0.28108442779192844,0.310797270436485,0.27852274445102265,0.2772652178156394,0.34082025343973,0.2966553502687288,0.3263580712772176
CCIS12656533ST-4-0,0.4692607701822441,0.3376219756915607,0.4847460924415654,0.40936467810891375,0.5050502055784225,0.38725163599250967,0.4738684020511936,0.41124809554214337,0.4101296067492308,0.5039492486866374,0.4537448567629244,0.4700132787646265,0.5053832946668857,0.3976168919846722,0.2758181410434989,1.0,0.39474299467413876,0.3982674665535286,0.18243005629978137,0.41896473460694394,0.4441027161639257,0.4120031365329311,0.467866727494776,0.4522486522869106,0.49089083901504105,0.44438275702829966,0.461754280725988,0.45455592056794214,0.4456697400191001,0.3628063857346846,0.30477904997154837,0.3890582379789054,0.37047243811485187,0.381839158412959,0.4557163010540808,0.4933806313472451,0.46470611039203047,0.43250548717559445,0.48890748646179016,0.3768177442208913,0.46732813761348746,0.4375954490671883,0.4659340751596399,0.41763051936417117,0.43527512725248174,0.5088192436121529,0.3826295126417728,0.35861955642571464,0.4720620976616865,0.4726102282526332,0.41904353205889633,0.3531287656801456,0.5178377684013737,0.4546286409607765,0.3622107736347442,0.37998928453234315,0.2718542549019316,0.5106564122452978,0.42098047189098664,0.4243232698258437,0.41264207740062564,0.44829245111065785,0.44194002992396575,0.3770980194550102,0.3305280796566995,0.511976231563087,0.4627489796472508,0.48952585023629014,0.45896739745978143,0.42282866673401087,0.4921980499161891,0.41780090992112795,0.46846601888458816,0.42522808176321214,0.4264250739745665,0.452821096983544,0.43520642772528784,0.42577434923956425,0.4837055815687934,0.4534984404011486,0.46479811682707006,0.4476694109448849,0.4579048253072777,0.43187547224834233,0.4040382973915284,0.4341669617873005,0.4314059746261786,0.49192637337348544,0.3449611985993941,0.45642828295369675,0.4708323585019518,0.46863864332268057,0.4590799772114704,0.4380447512407435,0.46514661695277426,0.44836414550446035,0.36240075364090374,0.4961525072253684,0.41617280421533454,0.44219432299784467,0.4915839200715364,0.3654457398069576,0.4576730116019264,0.4486721292276694,0.48566636181899403,0.4572121030371752,0.2663560654839332,0.47367208322632326,0.31826165509643567,0.4103754396638202,0.433444558972522,0.4437399041661547,0.31730421740876147,0.36947921102542103,0.3849288171270103,0.4644403713137053,0.5106812414162555,0.34723144986814947,0.3534963216179752,0.38224062128829106,0.46781609723509443
