Row,MH0002,MH0003,MH0006,MH0009,MH0011,MH0012,MH0014,MH0016,MH0020,MH0021,MH0024,MH0025,MH0026,MH0028,MH0030,MH0031,MH0032,MH0033,MH0034,MH0035,MH0036,MH0037,MH0038,MH0039,MH0040,MH0041,MH0042,MH0043,MH0044,MH0045,MH0046,MH0047,MH0048,MH0049,MH0050,MH0051,MH0052,MH0053,MH0054,MH0055,MH0056,MH0057,MH0058,MH0059,MH0060,MH0061,MH0062,MH0063,MH0064,MH0065,MH0066,MH0067,MH0068,MH0069,MH0070,MH0071,MH0072,MH0073,MH0074,MH0075,MH0076,MH0077,MH0078,MH0079,MH0080,MH0081,MH0082,MH0083,MH0084,MH0085,MH0086,O2_UC_1,O2_UC_11,O2_UC_12,O2_UC_13,O2_UC_14,O2_UC_16,O2_UC_17,O2_UC_18,O2_UC_19,O2_UC_20,O2_UC_21,O2_UC_22,O2_UC_23,O2_UC_24,O2_UC_4,V1_CD_1,V1_CD_11,V1_CD_12,V1_CD_13,V1_CD_14,V1_CD_15,V1_CD_2,V1_CD_3,V1_CD_4,V1_CD_6,V1_CD_8,V1_CD_9,V1_UC_10,V1_UC_13,V1_UC_14,V1_UC_15,V1_UC_17,V1_UC_18,V1_UC_19,V1_UC_21,V1_UC_6,V1_UC_7,V1_UC_8,V1_UC_9
MH0002,0.616055034355117,0.00746955698557436,0.00690896081286313,0.00611481156361689,0.0113894526405512,0.00753062682402944,0.00818127750926038,0.0167777807642303,0.00590858245010191,0.0114825407034812,0.00787407435052744,0.0085622182110182,0.00851010095473765,0.0219961517885051,0.00488922297172837,0.00380386770893017,0.00620124674142007,0.00722688420447925,0.00728872887836134,0.00615314234091135,0.00874496593182158,0.00708562236485461,0.0177438134745916,0.0195875567486345,0.00883321729225078,0.0120145631050971,0.00379638431901148,0.00626879334532236,0.00761662867415799,0.0113461835415709,0.0139012705900259,0.00697907378125768,0.0138726340361832,0.0111748387358964,0.00666551702624035,0.0115388992434684,0.00585201682822041,0.00488039933952924,0.00813134910808874,0.00753918584917109,0.00669255799565598,0.0139140272974111,0.022680173179959,0.0121797087874842,0.00738336947160584,0.00676511116563298,0.00878452007038307,0.00592066525439426,0.0139608919820131,0.00420888535827866,0.00734948275845516,0.0146722076106145,0.00529846128255346,0.00724720557343326,0.003880763595073,0.00765597989737941,0.00803360519501819,0.00552911597863286,0.00459728225893875,0.00762496541996038,0.00992055416598814,0.00674576075918037,0.00527675578796476,0.00696497961330405,0.0105801420493437,0.00925480237369935,0.0128449035910093,0.0103316784210192,0.0164838558472708,0.0115767450813302,0.00725532130715827,0.00663155461123277,0.0070045624404427,0.00555469588587498,0.00578913491437003,0.00875759411278435,0.00599885501401727,0.00663930769256574,0.00515356315295991,0.0124078103086968,0.00843482692732521,0.00764056771987859,0.00719506428497424,0.0153767824413409,0.00329949113596323,0.0075734223220067,0.0045085606563577,0.00407316498288083,0.00515770737360387,0.00761166973816228,0.00916151797106215,0.00545349623773467,0.00347763777685289,0.00837246539534385,0.00530355648152369,0.00671454232874031,0.00705247023645827,0.00991573122299765,0.00749479644849422,0.00665375861315959,0.00476406438220964,0.00423127125937062,0.0125829058062385,0.00624736226089682,0.00772429932291882,0.00624332826560361,0.00870798600337739,0.0126546900462589,0.00776908675978849,0.0112425013101575
MH0003,0.00746955698557436,0.640458966011768,0.0045862506125864,0.00276953740552465,0.00615631138524341,0.00771666534072992,0.00579369822607952,0.00556618100665389,0.00771296447542314,0.00669139569562211,0.0119516357704648,0.0046586991519076,0.0112502994620603,0.00583880698585097,0.00402966485881109,0.00251943951477676,0.00468260534495002,0.00589340800603912,0.00463191351309595,0.00527499763168674,0.00723101274169347,0.0123896101158562,0.00443586124391507,0.00550991821185594,0.00957147139032391,0.00638274166669961,0.00370180097705766,0.00654331278474269,0.00563698955322835,0.0129486852484587,0.00510384810540909,0.00550594447355061,0.00603553520370279,0.00902633890893477,0.00472197977960215,0.00581846759239983,0.00451616008752129,0.00392278615091348,0.0122622660211446,0.00468904733784807,0.00394710408116601,0.00838867724324581,0.0059725703448626,0.00615141225604745,0.00683977188598162,0.0076864328348052,0.00947952974714347,0.00390735175699378,0.00656858425749667,0.0036425900951295,0.00716095056229806,0.00704666675528153,0.00950914847223658,0.00554530855760439,0.00354013847902521,0.00793285453538585,0.0102945498081395,0.00828043104068156,0.0088398106021096,0.0110819057100061,0.00776587329269829,0.00557427410992142,0.00448141407439431,0.00625972741593719,0.00893190097976676,0.00613141081145304,0.00532700274926408,0.0107947944578943,0.00521264957965279,0.00648103156232992,0.0272862141374858,0.00502950144292486,0.0158220863092573,0.00490567805632807,0.00450430903715903,0.00520595080586246,0.0040038710285146,0.00530480708840312,0.00859101377201069,0.00531895509254963,0.0125370198734699,0.0122043569146105,0.0110750348356685,0.00641072371153749,0.00272711731847337,0.0226064124158927,0.00629210770174522,0.0321779127571197,0.0175934874852474,0.0069574922358258,0.00635225961387251,0.00770328258512873,0.00256603090771978,0.010687684426186,0.00764247047122211,0.00726935514225828,0.00569889708383186,0.00460335882430834,0.0069986740721176,0.00580354171511749,0.00319233037980005,0.0118942515801466,0.00480793360007741,0.0130005219706126,0.00602503141369885,0.0240935057074949,0.0149090299082265,0.00636931571561542,0.00548202067228089,0.00440077575537445
MH0006,0.00690896081286313,0.0045862506125864,0.621525548208179,0.0275237232846474,0.00559345974496263,0.00452322076714162,0.00715194976115341,0.00388531577731088,0.00386693508252249,0.00668975904697812,0.00478843633605487,0.00778920207959685,0.00475004049483079,0.00517810200961331,0.0271176530445833,0.0282170812651918,0.0205186270549252,0.00504357202756451,0.0138019163308495,0.00498807063297155,0.00510628583386069,0.0045148536437707,0.00395834946794842,0.00481505006062876,0.00446613513374398,0.00497239386661033,0.00414520746251347,0.00376589156303104,0.00940823436681085,0.00422440094310806,0.00644008058915097,0.0152538968080683,0.00490953108434064,0.00646352297196712,0.018506421888441,0.00491672297355715,0.0229155044534531,0.0285634969347537,0.00473439732794895,0.0105641919888257,0.00819149402403533,0.00503463804705104,0.00556369759273635,0.00759504552548153,0.00846676517956876,0.00498914502263037,0.00393843141778785,0.0308732910200221,0.00485385215224577,0.00702704264895402,0.00590818753339634,0.00530404776080001,0.00239708297488165,0.0111984410029467,0.00771645994345823,0.00510176650152553,0.00693806845492496,0.00754658953703151,0.00210696722346881,0.00476920316812243,0.00540066104159847,0.00614372759218488,0.0269440659744606,0.0110570976632467,0.00483335614500748,0.0045941716923884,0.0105336954272893,0.00515443907867571,0.00774739160342621,0.00522077145551955,0.00473463954732672,0.00773526670188399,0.00508515900561986,0.021585526932561,0.0131031136880849,0.0113626220412477,0.0271910354735664,0.0157326567721563,0.00387325432843703,0.00797400676235914,0.00476144304760294,0.0049592846067161,0.00410897515503039,0.00624704139814127,0.0211315942190303,0.00433610819300869,0.0025301490529641,0.00347839658086194,0.00414041700902476,0.00509633468434509,0.00486910145957942,0.00421877890644687,0.0262256525238233,0.0048386869305841,0.00276335041423608,0.00446751543608212,0.00636081635354369,0.00294251808916991,0.00513146913737349,0.0026893837080269,0.0222285987274269,0.00239972040217959,0.0048606391406043,0.0044484370875103,0.00783707448664352,0.00743392970535258,0.00480083970426119,0.00714673742057819,0.00389256146066065,0.00387533297828117
MH0009,0.00611481156361689,0.00276953740552465,0.0275237232846474,0.650610833433119,0.00697659153776382,0.00699909905967476,0.0111269449959512,0.00337825268140958,0.00223416403273566,0.00402454680262877,0.00294048714943203,0.0114496045598825,0.00311204748470955,0.00631173301156826,0.0310540275997317,0.0490817692440449,0.026697080854474,0.0031152276033332,0.0113120830037682,0.00338753749439311,0.00308589141748314,0.0026914010559422,0.00379772615649567,0.00351035559291684,0.00274846257236955,0.00280753827460733,0.00374882979900443,0.00285781298284557,0.00438934932889426,0.00256027829707493,0.0050889937264417,0.00886294653673904,0.00296261763984649,0.0043573047458212,0.0210519887861626,0.00284047786561666,0.0218566902567095,0.0339636831098121,0.00283041234672582,0.00674812140483813,0.004067939218097,0.00301354793154698,0.00607562694619793,0.0107412010028427,0.0088501891243061,0.00302284569158705,0.00235866756548489,0.040845246126148,0.00288755295327425,0.00741509222956766,0.00443138880935343,0.00323220674937684,0.00199693822364875,0.00418109747702287,0.00716654541177315,0.00372094252313816,0.00430816289764919,0.00556921731830138,0.00177018124783032,0.00298340000271839,0.003239029890453,0.00395613467104365,0.0251519966259452,0.0113113857053327,0.00317751501129297,0.00278198297073052,0.0154798599647025,0.00304452255092399,0.00704098020986789,0.00330737369553037,0.00287585215836688,0.00543772354986207,0.00308711198612983,0.0223302046048518,0.0087378860774309,0.00629963826472542,0.0270727467601674,0.010433748750768,0.00220729088119774,0.00563181787635529,0.00285766990992395,0.00302235245015843,0.00236604947281585,0.00424349646415905,0.0223802830079369,0.00262821774564071,0.00211965227742954,0.00287474743285507,0.00243496827576163,0.00352496586334461,0.0028840372052489,0.00240572424658341,0.0251900231299376,0.00286686881978648,0.00218797333586105,0.00269581688236627,0.00417568197908843,0.00264734862699513,0.00320057265723967,0.00230495138637655,0.0138099760734913,0.00191506336573224,0.00370771609162789,0.00264099271264053,0.00359366966129313,0.00547531695192235,0.00280105689220696,0.0044617133980835,0.00286887560534039,0.00332680393110206
MH0011,0.0113894526405512,0.00615631138524341,0.00559345974496263,0.00697659153776382,0.618191762447679,0.0130176291148519,0.0096547878419829,0.0276079202585033,0.00526094394393794,0.0121572443017805,0.0111721935986317,0.0146142431795962,0.00801016325745656,0.0202662877406618,0.00436247077755345,0.00333892107681098,0.00651148724669127,0.00799248506047898,0.0053801794336836,0.00695935135683461,0.00847598221275098,0.00701962012917503,0.0105679836125379,0.0100295549448314,0.00751063178584721,0.0149419602662361,0.00475306387941892,0.00748087050469965,0.00875386579090801,0.00652101888977385,0.00713992431924205,0.00568183754303272,0.0133617738853462,0.0118990535844493,0.00699264553221323,0.0104052073485499,0.00496446425134358,0.0043510835967335,0.00745801082664826,0.00611467159937789,0.00726576870689074,0.00981650842143042,0.0131698593772461,0.0113509852736265,0.0165149173207873,0.00609843535945831,0.00560951656489386,0.00442296905171492,0.013368042875055,0.00638988049227645,0.00930480696867231,0.0129098398481298,0.00358302808841993,0.00999825670738146,0.00397247075576805,0.0144911259798428,0.0077359851304867,0.0053680541261087,0.00276050716974053,0.00820707967698877,0.0135764255728168,0.0081981632627534,0.00472211094830443,0.0115436051549457,0.00805125726207542,0.0116773934370661,0.0126020064099861,0.00999437201820737,0.00758922535044708,0.013248989695452,0.00780148442281395,0.00625210954254535,0.00666011538899174,0.00498185533659211,0.00536164492993463,0.00671197089983761,0.0044518678077883,0.00543412360679275,0.00457410471409879,0.0074123234345749,0.0068389258059045,0.00779345326157027,0.00543096884588271,0.00897497624824349,0.0028204308905351,0.00613676157596167,0.00344977025398023,0.00372397792522087,0.00480799894894952,0.0139793078899728,0.0197932354572429,0.00498842701187634,0.00291341604337362,0.00858194795903611,0.0092792327420791,0.00555588734082775,0.00652785116791883,0.00799852342037106,0.00775930771056496,0.00399989509986013,0.00392598830438626,0.00340592458910805,0.00539497400822473,0.00560662143922582,0.0128753010116399,0.00595886938500265,0.00929475642162949,0.0101808340360101,0.0138742214333048,0.0109039931826702
MH0012,0.00753062682402944,0.00771666534072992,0.00452322076714162,0.00699909905967476,0.0130176291148519,0.63748056276721,0.00962873977000074,0.0103954971777618,0.00454317351160684,0.00997446081957007,0.0149354098946358,0.0100031140466628,0.0108739029934567,0.00925823973709497,0.00322657690056204,0.00311878073175558,0.00521885797119799,0.00769509691645042,0.00490408158670338,0.00762105689223958,0.0113349429820821,0.0139581023342457,0.00766835999160089,0.00740745304730221,0.013073299167973,0.0127484630109691,0.00723735819601986,0.0120934157938569,0.00747374262805927,0.0085292522482586,0.00591129384592601,0.00500170339312088,0.0113740388555998,0.00933623932173228,0.00594693452849459,0.00821997339268582,0.00409924197448667,0.00320669101885241,0.0137042274208601,0.0055299235053072,0.00532912837091003,0.00780878933347592,0.00930451376340407,0.0111466350673335,0.0163398586397295,0.00658215182531077,0.00529023709337411,0.00325085169225242,0.0110643407451479,0.00740015147666816,0.00682287687803401,0.0124592966330744,0.00664153294657706,0.0067983837603013,0.00565976687698759,0.00824102377728289,0.00647534081138805,0.00539294613691283,0.00436660923195315,0.00818501088401339,0.00856884191427111,0.0107015705397803,0.00359534872131648,0.00765925003947116,0.00718977398134041,0.00974085076926069,0.0119997935469927,0.00802685663014502,0.00627147658650071,0.00948436694981762,0.00795390996714149,0.01188310087584,0.00804111145591581,0.00447277581297668,0.00892319856986989,0.00973670944428945,0.00326190153575505,0.00513033178783216,0.00330765650309769,0.00707136627266553,0.00623900424877789,0.00895539716848416,0.00537898539172632,0.00509969219453916,0.00292985886861727,0.00825454048635909,0.00353433501018068,0.00429927593691066,0.00381193976324246,0.0092629727580437,0.00617994594013395,0.00382829597010882,0.00285524396109067,0.00832541641813375,0.00552051028882353,0.00439157310192332,0.0057302715445875,0.00470839995621212,0.0131987399618394,0.00343881139468063,0.00567972298296564,0.00697365584522744,0.00553862662390066,0.00743960277350891,0.00604497956829416,0.00669884062329198,0.011387117258567,0.00651941952100862,0.00567701251343434,0.00571025116441761
MH0014,0.00818127750926038,0.00579369822607952,0.00715194976115341,0.0111269449959512,0.0096547878419829,0.00962873977000074,0.620012653653642,0.0070662294707896,0.00543110369263144,0.00997713603348632,0.00642161640475652,0.00868121935109164,0.00633067314329885,0.00857860452232105,0.00652629265601571,0.00685122735689801,0.0102489992606038,0.0122954148617354,0.00660938941406145,0.0144055118375868,0.0112248257288115,0.00628834573884046,0.0157733785955768,0.00957084528152766,0.00900406269259461,0.00922016426044057,0.00785904438265008,0.00787762519748504,0.0125709138862911,0.00582318634383473,0.0080056660287878,0.009568020964389,0.00897978354233059,0.0101015320993159,0.00741387443065643,0.0121382904942117,0.00655171828989503,0.00681416522451409,0.00638268491379927,0.00695270138839442,0.00778322190778178,0.0113087628000259,0.0102979606182625,0.00798972494726893,0.00762379135668848,0.00646052115075701,0.00554197286173384,0.00705513145803474,0.00893462829730991,0.00860117927565033,0.0151214899104884,0.00997596444334669,0.00307624013267208,0.012066645289202,0.00595067841363406,0.0136066426626675,0.00665374985548553,0.00654667028953972,0.00258447886793631,0.0114620317089171,0.0127335626262868,0.01212284346639,0.00664465997749361,0.0141433779652066,0.00756683927250478,0.00949717596841695,0.00896511474405989,0.0106273861899678,0.00753703459880234,0.0201318766829991,0.00711793566667694,0.0133018750022288,0.00628353778977601,0.00636822603616304,0.0103336956966841,0.012425921382138,0.00616051363178998,0.00652018278590731,0.00430408503146748,0.00953960862181935,0.00654706329694143,0.0107836436150455,0.00503498007994894,0.00709492386481829,0.00429185539022863,0.00569553331772008,0.0029523867706994,0.00363691688860843,0.00462877766191445,0.0132785820803308,0.00864085111629151,0.00492032279423602,0.00469301784163659,0.00769731464847818,0.00414100859148609,0.00546950759416712,0.00641231339318439,0.00414471320325786,0.0115024025360891,0.00318425914233369,0.00633897804507795,0.00291987943115685,0.00607708317074261,0.00506398573054763,0.00609279585206367,0.00631670153432304,0.00734778545847862,0.00967218707092724,0.00747268220548458,0.00661761744355637
MH0016,0.0167777807642303,0.00556618100665389,0.00388531577731088,0.00337825268140958,0.0276079202585033,0.0103954971777618,0.0070662294707896,0.635046160588781,0.00452733475749165,0.0111043105905356,0.0104008695270542,0.0103254390343291,0.00818603725249516,0.0303118297369756,0.00301727320743442,0.00261726135129485,0.00551517609500028,0.00672433537564631,0.00383938893716601,0.00537718051596616,0.00839947094288808,0.00731867171817394,0.0105667951778839,0.00913566143580819,0.00660388888183471,0.0154615978239522,0.00419854172253881,0.0109324298114349,0.00684203558999008,0.00587810450881304,0.00596258972469814,0.00461671087955863,0.014568974822404,0.0102302869432802,0.00448378950523779,0.0108201353207074,0.0034566383626996,0.00297702771193291,0.00770446886114193,0.00443436963354038,0.00727313287820769,0.0106901134831169,0.00997061371879744,0.00678512780033409,0.0110932182151288,0.00517977343543603,0.00519143770837502,0.0029859684007051,0.014565336675928,0.00419207744975068,0.00835146178116387,0.0146079776125738,0.00371697503429529,0.00809816476057636,0.00310753617760777,0.0119380515289493,0.00673507433380809,0.00376421461135438,0.00307638398733874,0.00781808428444647,0.0148236844612251,0.0068851405509386,0.00336760330770588,0.00633643501994475,0.00892364251058082,0.0124830979183798,0.00605882919249477,0.0100609873924046,0.00603813981429816,0.0109271723895055,0.00736167507024245,0.00473898396724135,0.00598628833301397,0.00371847443107079,0.00378918350548236,0.00543564254953445,0.00301680981493655,0.00431044639779503,0.0038034982933946,0.00611424571464279,0.00638626628422837,0.00816946124049209,0.00509429981883487,0.0106528659610235,0.00240144557201126,0.0053073047477556,0.0042144320680006,0.00362945467745355,0.00379280583105431,0.0113957786607394,0.0230844530234272,0.00399204202024913,0.00238130457195399,0.0086244177801793,0.0105931388379728,0.00478627809192273,0.00725978033551839,0.0139453298434809,0.00610161996750466,0.0069927569660074,0.00333281658585237,0.00378809646683917,0.00675390033631163,0.00496275440186826,0.0132197381612243,0.0047174904084712,0.00951827622561282,0.0086998883902579,0.0147785736195374,0.0142866450157675
MH0020,0.00590858245010191,0.00771296447542314,0.00386693508252249,0.00223416403273566,0.00526094394393794,0.00454317351160684,0.00543110369263144,0.00452733475749165,0.644829540857352,0.00690156733302585,0.00746948801236396,0.00379027626974564,0.0102225562782898,0.00577718309581969,0.00344776683096576,0.00210333629412657,0.00397568202685992,0.00448180766744401,0.00390205322897797,0.00395260776407526,0.0056017099270825,0.01152516669438,0.00459857292945962,0.00521630807981631,0.0112297569019168,0.00645787044065741,0.00254312742452986,0.00353026398677084,0.00446333944547409,0.0144055079879262,0.00446189810276296,0.00949338089692552,0.00574249935755211,0.00999151597441401,0.00399581725965658,0.00568561436344828,0.00374238491942735,0.00340671262337875,0.00755038950782703,0.00391840102751844,0.00334224613017027,0.00695972074536319,0.00543581312554011,0.00468856774873709,0.00488416730687677,0.0179695723660578,0.0149391376321222,0.00339775724112213,0.00631984701369255,0.00253070435052256,0.0057186396176012,0.00679564497797268,0.025728296376827,0.00439557396945408,0.00238585341889275,0.00618069210132469,0.00806038075498826,0.00401028801041688,0.0289071714695854,0.00632938646995966,0.00658763295036659,0.00456958704110345,0.00376029827031853,0.00525614932573359,0.013056718950132,0.00526373958471617,0.00462222452239862,0.00805625978141475,0.00478721164271423,0.0108408528389931,0.00654134003303642,0.00416395506857455,0.00876257850596978,0.0038027449381687,0.00388002308484634,0.00445100893686624,0.00348269879586703,0.00438349147289017,0.0203301689771409,0.00542556297912722,0.0153645321982419,0.0110363035087512,0.023018637546742,0.00596731675606256,0.00208961716765024,0.0127939588080774,0.0201359207398512,0.0115234593371589,0.0182898704374787,0.00555360616779516,0.00573361556340226,0.0296123612219096,0.00206467770480806,0.00736879367356692,0.0148103602630365,0.0139668455562229,0.00360844120660482,0.00789739702037446,0.0066679918076149,0.0144058262813508,0.00269321190552275,0.0221726567216335,0.007417197914549,0.0117728135721626,0.00391133395549675,0.00541970374149029,0.00690781863786862,0.0058917594445032,0.00451642049941578,0.00411029753668381
MH0021,0.0114825407034812,0.00669139569562211,0.00668975904697812,0.00402454680262877,0.0121572443017805,0.00997446081957007,0.00997713603348632,0.0111043105905356,0.00690156733302585,0.604090491086985,0.00983636575310511,0.00873167636244353,0.0104960053904635,0.0114038352371382,0.00634386223570467,0.00431259290252079,0.00594648623069242,0.00862471327115472,0.00675794980832495,0.0070768757353019,0.0122565717181819,0.0104071040046832,0.0114886928402897,0.0115072121066849,0.010346415582884,0.0273126560402602,0.00517942763434126,0.00897078400023258,0.00826091333018707,0.00822680613071102,0.00790801544154406,0.00799245290979997,0.0198596629593016,0.0266308715949979,0.00677820265184325,0.0166679338042362,0.00675438566192901,0.00625281329454627,0.00818470412470597,0.00633585978809628,0.00799507244116978,0.0162030422699272,0.0151577955488685,0.00739996296697399,0.00734253342089696,0.00904963980297771,0.00688587091590694,0.00616651368207551,0.0203398108417205,0.00450650031022458,0.00887374175302499,0.0324154851889564,0.00431213400517288,0.00715354089415307,0.00538002437911085,0.00853269939295296,0.011506088193476,0.00573751004580671,0.00298599024899479,0.011405112204334,0.023260974474131,0.0101297704142839,0.00686478164570829,0.00991068416147102,0.00995850725546368,0.0180295768145042,0.0071736990405132,0.0169726827997751,0.00835804171066284,0.0233616231886949,0.00916101599527716,0.00652109728615333,0.00956599243837163,0.00539199717114645,0.00655135865002412,0.00959010840068307,0.00633548929716279,0.00756095953064949,0.00483277710334675,0.00827747262294414,0.0112841343022871,0.00929641333044011,0.00666893588822005,0.00867607013680807,0.00531903788151408,0.00679831598400672,0.00361765773692481,0.00418824292572683,0.00527364418472736,0.0111541856537463,0.0101800368097516,0.00557622442066107,0.00513443256622093,0.0114270271596751,0.00539821010611938,0.00639895087467404,0.00561885205371135,0.00472128746187772,0.00815339325017122,0.00351224854107584,0.00498464330277211,0.00411401162126781,0.00576860996726924,0.0069954131755908,0.00647921521240594,0.00775428020345314,0.0164292044584782,0.0135596750027219,0.00902120720002246,0.0076363884401229
MH0024,0.00787407435052744,0.0119516357704648,0.00478843633605487,0.00294048714943203,0.0111721935986317,0.0149354098946358,0.00642161640475652,0.0104008695270542,0.00746948801236396,0.00983636575310511,0.625823025181063,0.00577706065652503,0.031611573139017,0.0080816521970271,0.00401490554620835,0.0025905117768893,0.00498446906907749,0.0063864935480629,0.00453340798602954,0.00588238016496494,0.0186780701498496,0.0313888614545441,0.00630180589141769,0.00692126871357691,0.0142259965294062,0.00915531579696361,0.00411295815340539,0.00922191521617341,0.00603403486389781,0.0150380766461714,0.00562484973127536,0.005475167120056,0.00739846043083642,0.0136780693316394,0.00551270559292794,0.00988059344207729,0.00443738587679361,0.0039622486130015,0.0398764984062486,0.00495161299090443,0.00411437186271044,0.00810654364983518,0.00815282386765301,0.00883039906005523,0.0153165919104095,0.0112109667123021,0.00830266531011029,0.00397772866999065,0.00867307745570835,0.00393028029628494,0.00881307336797158,0.0113494840092397,0.0125841553262599,0.00619967591542578,0.00310992185961841,0.0113043573454768,0.0118327353973928,0.00495165778177235,0.00767081538006185,0.0144380048309804,0.010341881300461,0.00628904572646129,0.00441656889896953,0.00871700765070279,0.00932173739267825,0.00757506463885441,0.00607909984953681,0.00802044771557011,0.00591895535150922,0.00909995151103301,0.00944519685310535,0.00527325114199152,0.0148998463635624,0.00667434252572022,0.00456858663120384,0.00552831585771806,0.00406426263930698,0.00515293748824072,0.00524546025788697,0.00594034200968859,0.00894386922135666,0.00946114702622737,0.00894732898315481,0.00603054311075727,0.00249115046021693,0.010906208218494,0.00475532609000943,0.00539067936490866,0.00584699624118626,0.00770110835626406,0.00810251435072039,0.0058918177515703,0.00250455261412907,0.00723865189848724,0.00652166713639715,0.00600793192857167,0.00524934712095608,0.00438194978672752,0.00851396731121297,0.00349466980160199,0.00324889013673832,0.0142768810359083,0.00446722104757348,0.0152414480712895,0.00553482361416736,0.00816189577130354,0.00957709179608156,0.0079936280333043,0.00541796490817402,0.00475814651681541
MH0025,0.0085622182110182,0.0046586991519076,0.00778920207959685,0.0114496045598825,0.0146142431795962,0.0100031140466628,0.00868121935109164,0.0103254390343291,0.00379027626974564,0.00873167636244353,0.00577706065652503,0.634070151154355,0.00565281182766736,0.0108678059981029,0.00588695824041873,0.00641814933191656,0.0121233303939818,0.00668227851476395,0.00622792835839935,0.00604426955698051,0.00724640974098494,0.005093628274606,0.0107626469831659,0.00950001651640527,0.00598208963736935,0.0130777718773331,0.00521703515883511,0.00686938151998918,0.00767737803156457,0.00477892267261349,0.0074640133868538,0.00555341722818795,0.0149624936048595,0.00926839979716826,0.016492164689293,0.0105822425645276,0.00639972812571759,0.00602642314451563,0.00610058066016734,0.00766522713945667,0.00725979273874342,0.00833690296628507,0.0113465349444675,0.0185248130137936,0.013415221534628,0.00482465511300708,0.00473649513091154,0.00630985715846451,0.0116454528347922,0.0104217399761301,0.0174579273604962,0.00932575010047718,0.00303280399378706,0.00938682643579064,0.00533288577800401,0.0178511390168049,0.006536012095516,0.00554804208408274,0.00245218168780071,0.0119615534608877,0.00782173914505311,0.0084109214668132,0.0059932925350623,0.0128244085293883,0.00610726434183497,0.0124832075989886,0.0164871485237461,0.00806123616851164,0.011063324084845,0.0100341885532357,0.0064821205911316,0.00691702576626349,0.0049557243279616,0.00563113053060443,0.00594043562855273,0.00599862850545788,0.0057352808227286,0.00529199120511325,0.00321424693107291,0.00784107579585639,0.00508433081728929,0.00671288442761974,0.0039603525313243,0.00769132531078806,0.00484661053149306,0.0044733080540363,0.00297332645659843,0.00375229078446756,0.00357972673071821,0.012496215348638,0.00739231699151221,0.00362585147768734,0.00523914999739341,0.00642694898536343,0.0037707839012025,0.00412181807833399,0.00751771243399062,0.00441620000554946,0.0067797950152613,0.00307535660287555,0.00550042087788926,0.00285180995003746,0.00484323368043168,0.00407213171985538,0.00600761638228393,0.00633640010481688,0.00721491089735716,0.00765904346659841,0.00628034301102996,0.00819644031883062
MH0026,0.00851010095473765,0.0112502994620603,0.00475004049483079,0.00311204748470955,0.00801016325745656,0.0108739029934567,0.00633067314329885,0.00818603725249516,0.0102225562782898,0.0104960053904635,0.031611573139017,0.00565281182766736,0.626712390983764,0.00694551345855973,0.0040112753921554,0.0026169945154535,0.00494738070444706,0.00560855149983998,0.00442316009701159,0.00515211073854984,0.0115566805091737,0.0264945873382891,0.00521055751450699,0.0060711508553459,0.014830293068033,0.00759798316267687,0.00354232645869159,0.00736888031088457,0.0055313054868561,0.0157319971374844,0.00523020749439367,0.00567561356180765,0.0065247009651307,0.0128903426585533,0.00537342925626092,0.00736393667097406,0.00442378457057113,0.00396569532587398,0.0280374652663624,0.00464675783895049,0.00537558420363942,0.00887551817252052,0.00688053417678123,0.00809101713733076,0.0155934661832611,0.0112290059341236,0.0116346163770471,0.00397478230767464,0.00710508442689241,0.00388709293248093,0.00789653230149162,0.010855035745232,0.021051382500072,0.00556480690844459,0.00285601638535127,0.0102987092632252,0.0127063765467209,0.00481862217021493,0.013605496159048,0.0128292840122047,0.010019360760721,0.00576367554567624,0.00440122842199058,0.008753789127465,0.0130372707508015,0.00659619151725667,0.00591058468516783,0.0078077189482701,0.00546833795977272,0.00792641727497272,0.00810121372608975,0.0052110941388855,0.012909428705951,0.00644166998515634,0.00459005135667907,0.005612834700629,0.00405116767241808,0.0050617096370248,0.00583238892465323,0.00572962381787375,0.0130283606842936,0.00836610111271421,0.013779603834995,0.00622822695268993,0.00250492456495463,0.0150147647983212,0.00632282229801991,0.00544484353031391,0.00619283453921076,0.00706297263929489,0.00693308600534515,0.00669501619128245,0.00251061001484393,0.00708660435943301,0.00971772989230205,0.00661213018269488,0.0088899644393602,0.00573353601342405,0.00810233469923177,0.00392245534548983,0.00334464028706673,0.0146688673059331,0.00468311501109686,0.0124099456032818,0.0069721699537859,0.00842704937777849,0.00824862237756653,0.00685087239331077,0.00648753394011067,0.00486563823866725
MH0028,0.0219961517885051,0.00583880698585097,0.00517810200961331,0.00631173301156826,0.0202662877406618,0.00925823973709497,0.00857860452232105,0.0303118297369756,0.00577718309581969,0.0114038352371382,0.0080816521970271,0.0108678059981029,0.00694551345855973,0.628400547026163,0.0041674761963046,0.00286620328936732,0.00602120749096241,0.00744448641314539,0.00511659858245969,0.00605324204094826,0.00718840708814118,0.00627367479944587,0.00895741352830771,0.00936538262593804,0.00661878720527928,0.0107204827050315,0.00385649255427756,0.00599182218061774,0.00789740268336938,0.00645350128220789,0.00685532759457247,0.00552531869106201,0.00991609984840494,0.0109467542431889,0.00632261372149934,0.00962208014143478,0.00470304380361968,0.00415854709052013,0.00655325152553853,0.00563589909904722,0.00873228656830688,0.00923153884224202,0.0132645336353275,0.0104244700381867,0.00921654853866207,0.00617177687885687,0.00810917352642826,0.00421013485218611,0.0102251126797813,0.00463808696609166,0.00795661015863559,0.0115481023444184,0.0035137334019597,0.00756510367549253,0.00339557619845698,0.00824706296426637,0.00763527711099451,0.00508774990556373,0.00345001744157817,0.00717641567562482,0.0137006220109292,0.00675048527950396,0.0045485163802953,0.00654087558586932,0.00957604627969901,0.0083011630645279,0.0119245156162369,0.00958344681765372,0.00714073326849431,0.0115110611827902,0.00710360550427735,0.00583793870989165,0.0063817356399643,0.00473837240887205,0.00503111747739263,0.00757907703236084,0.00429333041355832,0.00546316054936646,0.00590660780441684,0.00730962826324891,0.00658470300473562,0.00675775766885932,0.00576243133299147,0.0132342936567655,0.00254780577976229,0.00584467417129901,0.00506284880428672,0.00358314589905461,0.00529308419892258,0.0107719548657762,0.0202820128222284,0.00557156971242666,0.00260644161232603,0.00762093400065825,0.00940414660661578,0.00654807913375356,0.00690692210521254,0.0178726885876807,0.00687228029275243,0.00970599481009279,0.00355132358018861,0.00324265366195362,0.0102604837554347,0.0055330717395336,0.0118229708418047,0.00556648598118807,0.00870949680625714,0.011596413460794,0.0146252582397145,0.0167572525884838
MH0030,0.00488922297172837,0.00402966485881109,0.0271176530445833,0.0310540275997317,0.00436247077755345,0.00322657690056204,0.00652629265601571,0.00301727320743442,0.00344776683096576,0.00634386223570467,0.00401490554620835,0.00588695824041873,0.0040112753921554,0.0041674761963046,0.628017292513184,0.048647956468007,0.0222392951983594,0.00351446408084032,0.0147475447123423,0.00377571188783936,0.00379576434320638,0.0037460411297132,0.00312803210380952,0.00394835066337979,0.00371718980011206,0.00397356654755444,0.00323681155690164,0.00255611721191486,0.00434716167018425,0.00362802480477936,0.00576531641196088,0.014707434015265,0.00385493244045311,0.00472158027462849,0.0176996118236982,0.00379858352092534,0.0322547437254197,0.0528584900221528,0.0039419350563399,0.00862830000613688,0.00374323262293723,0.00407942162989869,0.00451476662927634,0.00672174976192573,0.00608000783741972,0.00416266603332097,0.00343920813017256,0.0466817621457047,0.0039080320033417,0.00561257236076778,0.0040214018679799,0.00448919421053966,0.00206712954620023,0.00423453224588779,0.00947765486200209,0.00408391265474773,0.00694280908154308,0.00719934611836368,0.00187277814367249,0.00388537825770388,0.00464969251027047,0.00385327865375985,0.047205423516995,0.010641235754211,0.00412438454884779,0.00360403744788729,0.00740432141651517,0.00419090400483786,0.00592596091220583,0.00438087752862742,0.00404822882098422,0.00516125900998468,0.00448040518883989,0.0278539557700283,0.0108575400206649,0.00894394575822565,0.0406123708799531,0.0179009233421491,0.00350561203910705,0.00549548775563331,0.00394859648972926,0.00390534773933942,0.00347927260262697,0.00395513466927247,0.0374426505612215,0.00369108883053753,0.00224114424760036,0.00312957741256337,0.00373585621582702,0.00391713992361798,0.00369843686876478,0.00378244265750441,0.0331963429770682,0.00381826367870871,0.00218181403261718,0.00398798477495172,0.00375681249676809,0.00237034383806125,0.00372660300728642,0.00231762661748761,0.0186090995353844,0.00208711592790696,0.00377492207287859,0.00405728025334794,0.0028899025115484,0.00602594472805412,0.00407216057484512,0.00656619542912208,0.00281955354480897,0.00329860655472808
MH0031,0.00380386770893017,0.00251943951477676,0.0282170812651918,0.0490817692440449,0.00333892107681098,0.00311878073175558,0.00685122735689801,0.00261726135129485,0.00210333629412657,0.00431259290252079,0.0025905117768893,0.00641814933191656,0.0026169945154535,0.00286620328936732,0.048647956468007,0.648928933668686,0.0287077775846394,0.00221414476600144,0.0130853987341369,0.00265222101511117,0.00247358501944646,0.00234689379988152,0.00282956782793634,0.00259295485413014,0.00234016498407283,0.00245803806851159,0.0031055887054974,0.00210547788956041,0.00311674878391716,0.00221255294767588,0.00466151616093307,0.0104624112137701,0.00247995337391699,0.00299907508828692,0.0221182063409329,0.00237337334778275,0.0301837686367914,0.0517821784810511,0.00250354044822823,0.0077810543459419,0.00322921286091167,0.00260116203405658,0.00333966320103575,0.00650499080224035,0.00542107616964692,0.00270476214943144,0.00215644465068812,0.0541991763287747,0.00242232324976993,0.00627347607392163,0.0028051305772146,0.00286866476461705,0.00183397154523987,0.00307527627742304,0.00887537960075848,0.00288366385329374,0.0047191810967711,0.00541085679696182,0.00165373886484059,0.00253841811366714,0.003010612082717,0.00272993096065989,0.0384994670650461,0.0105611354209637,0.00274758156861736,0.00231635452127696,0.0071044085381832,0.00261230879922278,0.0050440942874376,0.00288056928112721,0.0026041216019563,0.00391275622919172,0.00288907315297339,0.0290692357485627,0.00950393436792718,0.00694670167069698,0.0380386819556248,0.0127579968458172,0.0021234663728381,0.00415990772176465,0.00248643868183094,0.0025193176445946,0.00211831718838145,0.00263880156953552,0.0329175202062307,0.00230887322505379,0.00201959986484046,0.00270502077454904,0.00234956358855018,0.00279482455317674,0.00228842582511056,0.00231434832701123,0.0330511308285534,0.00241297636639446,0.00194919717970399,0.00254149297836841,0.00364291919340014,0.00230747843186866,0.00243269940239784,0.00218058639662562,0.018024361395671,0.00176797833040821,0.00352465954405163,0.00258412257077995,0.00255984751964463,0.00408384942561451,0.00257966202097593,0.00443817288547115,0.00226826234070281,0.00294789940525645
MH0032,0.00620124674142007,0.00468260534495002,0.0205186270549252,0.026697080854474,0.00651148724669127,0.00521885797119799,0.0102489992606038,0.00551517609500028,0.00397568202685992,0.00594648623069242,0.00498446906907749,0.0121233303939818,0.00494738070444706,0.00602120749096241,0.0222392951983594,0.0287077775846394,0.622461673513324,0.00925232251275319,0.011095466894923,0.00887116799401067,0.00718097937270816,0.00460428110680016,0.00614156340991799,0.00584067568242053,0.00493659356194592,0.00675708839293008,0.00718794221819612,0.00553069616004775,0.0134961594120735,0.00436688873480057,0.00683004707862294,0.00879502965475121,0.00703559548897437,0.00580942760394031,0.0271259488706435,0.0068659497000536,0.0174087166912422,0.0246066268708854,0.00484928747354739,0.00833785305488688,0.00684136082802001,0.00566371612778408,0.00658629277732547,0.0124058823876231,0.0111361592499142,0.00499621691672518,0.0040048823200944,0.0286164179751246,0.00666226956458768,0.0149274619872071,0.00501695567539094,0.00576645929560489,0.00240501177280308,0.0131700629148275,0.00691749759264711,0.00503592026127141,0.00588956942543242,0.00739664799800562,0.00206247911527534,0.00508532798075944,0.00548309364988773,0.0114431702651967,0.0197546562318952,0.00832789828367951,0.00509381197402245,0.00670333199357378,0.0137194236864893,0.00575666636313871,0.00739968963679809,0.0059492272612133,0.00505078098761981,0.00721537383862256,0.00500571934853047,0.0156336091155825,0.0129543361281897,0.00807817773271652,0.0195750572477152,0.00974039572328812,0.00387315925654569,0.00674631417528087,0.00497211851819405,0.00774985113326871,0.00428664739589264,0.00500447305474871,0.0154134198971551,0.00464429471500677,0.00246576926406704,0.00325962964593079,0.00414093481862437,0.00521261048132308,0.00497516727605315,0.00420417226465605,0.0180264965591006,0.00555240262608132,0.0029267053687827,0.00454375226988631,0.00443188657366479,0.00287534526285748,0.00646440145928698,0.00253020047173034,0.01196962090074,0.00235778817754423,0.00432977915969428,0.00445054223622837,0.00533400647974159,0.00598907341745556,0.00532360195274119,0.00691587726228204,0.00396390687470644,0.00462653223042235
MH0033,0.00722688420447925,0.00589340800603912,0.00504357202756451,0.0031152276033332,0.00799248506047898,0.00769509691645042,0.0122954148617354,0.00672433537564631,0.00448180766744401,0.00862471327115472,0.0063864935480629,0.00668227851476395,0.00560855149983998,0.00744448641314539,0.00351446408084032,0.00221414476600144,0.00925232251275319,0.630258489682247,0.00836302228052625,0.0337780386797171,0.0136993477293555,0.00601397681984179,0.00770842016633429,0.00814194615830182,0.0072128069369115,0.00974121673275353,0.0341005872623572,0.034377178296194,0.0224792535982725,0.0053115900720664,0.00641247155922319,0.00560288656929497,0.00956470771044932,0.00820497501382084,0.00664258269442002,0.0098859737964621,0.00558547970737034,0.00347187863935458,0.00628465087242349,0.00980476007311017,0.0115895529231659,0.00840185951343894,0.00809417084313913,0.00719805113006788,0.00762230564705272,0.00827826708794612,0.00445398870722703,0.00353500226910838,0.0108376869424641,0.0138289876922904,0.00581270472073361,0.00882769431620208,0.0030085395863196,0.0151355299883212,0.0204660471052091,0.00566201692874259,0.00948180392836983,0.0147545204993302,0.00228094621970981,0.00652335450567119,0.00663562832440013,0.0182326431508731,0.00390925996017792,0.00797924849662101,0.00550549214392816,0.0125664835188559,0.00985408754713616,0.00855341971890369,0.00609233776690669,0.00881354491379279,0.00674050854782992,0.0145729944594343,0.00592800728862977,0.00396078944398819,0.00800551198470396,0.00769853346917958,0.00363455561696567,0.00550884087226963,0.00387460385795999,0.00632966879219529,0.00602873999413992,0.0111442493411504,0.00520853127087342,0.00655734637320311,0.00233451825717327,0.00809549285673988,0.00250283157888063,0.00355894597713332,0.00424416540523086,0.00643754423362229,0.00593016386008266,0.00421572337959233,0.00222070437567073,0.0129477644618314,0.00942999828856145,0.00448528001414993,0.00505784978858164,0.00339121961533623,0.0123762560524857,0.00257440466998726,0.00422121091377349,0.00297354418993837,0.00410608278265176,0.00524534752545725,0.00714358481506527,0.00728876941389327,0.0071130354617486,0.00746326044257555,0.00565805505451046,0.0106548990707343
