Row,S118,S121,S126,S127,S137,S141,S143,S146,S153,S155,S158,S187,S193,S194,S195,S198,S205,S224,S225,S231,S235,S244,S248,S258,S263,S264,S268,S269,S286,S288,S297,S334,S344,S353,S365,S370,S378,S380,S381,S389,S398,S421,S422,S424,S434,S436,S439,S446,S451,S456,S458,S462,S463,S468,S470,S475,S476,S478,S479,S483,S484,S495,S497,S517,S524,S526,S529,S53,S530,S536,S543,S550,S551,S552,S561,S563,S577,S58,S584,S587,S589,S59,S591,S598,S602,S604,S614,S617,S618,S628,S643,S655,S77,S80,S88,S92
S118,0.637057689313972,0.0292685896488633,0.00751328660512612,0.0126944591695683,0.00501321543707512,0.0275148622552503,0.00900869085761825,0.0120466828133834,0.0220931792712224,0.0125418383680873,0.0103500591236451,0.012039066796637,0.00777392741420007,0.0100405137030836,0.00484959412524961,0.00922631239889397,0.00433577954711131,0.0076048486236387,0.0120144932720304,0.00833136926329664,0.00775399215987339,0.00232305247472792,0.00730024613899528,0.00359429774272588,0.00607721886230913,0.0130704698498091,0.00977837470903503,0.00342971568813765,0.00537371327103517,0.00577761410315336,0.0055211940197815,0.00571661050126318,0.00288133851936347,0.0126748062780863,0.0192430732403278,0.00240212194630601,0.00992377128676471,0.00950787330204637,0.00934368979278306,0.00348869566696164,0.00440124743318597,0.00510633266632706,0.012512705564612,0.00565407975149889,0.00340727340095686,0.00841584739659639,0.00170783538932439,0.00774707199387509,0.00285118461683592,0.0132228085533183,0.0101156415690895,0.00720162773466177,0.00973060296057326,0.00905152185762868,0.00979642285070698,0.0128825386821748,0.0287763052041939,0.018582235835561,0.00921311851191663,0.0103113179497532,0.00638676881478332,0.0051762321907317,0.00780423149850757,0.00903512031222474,0.0082651387322849,0.00768233802419613,0.00734749091659959,0.00907468039773633,0.00868047540153262,0.00710679968777052,0.0117142340648528,0.00216155891185172,0.00443780145913172,0.0100140246608388,0.00194738560827725,0.0128967633086014,0.0158634052938585,0.00533149788440131,0.0244761550647746,0.0158328881188115,0.00571145855672672,0.0130796275778258,0.00797226254573352,0.009956210796915,0.0189559842212292,0.00177567071187551,0.00546512281463103,0.00979704050333896,0.00834897814974524,0.00855825659272785,0.00926306514720576,0.00844039432487992,0.0124848478858512,0.00982721177695275,0.00882920226542068,0.00752692547591455
S121,0.0292685896488633,0.621430544846532,0.0104204122278617,0.0251838833837881,0.00753139207543645,0.0145993530044999,0.00651277364704438,0.00802254703021516,0.0150483488117166,0.00997317398275411,0.0059141191442092,0.0143347406973108,0.0148501169800658,0.00862948250115785,0.00227916202230532,0.0114348847790805,0.00186280718055658,0.0162412337879787,0.0158181961659939,0.0057826150492023,0.00581082544883997,0.00148740818093298,0.00904262591896333,0.00214701823006874,0.00391432785061248,0.0205114538646826,0.0122563164501974,0.00180088879142272,0.0074123819882913,0.00575196662964486,0.00760624546994621,0.00583750458973957,0.00196620577093091,0.0153423347327425,0.0163702752161994,0.00144639389837318,0.0106986886544934,0.0156705051703157,0.0186327611739145,0.00235393225487699,0.00196901485250294,0.00418660600978462,0.0255844064557609,0.00355918798281209,0.00254227386891753,0.00967166472226285,0.00125623601505329,0.00708727109511741,0.00191925875322331,0.00804666342201741,0.0153192322896656,0.00925247231868739,0.00889834833736948,0.0128351871759971,0.015377322210736,0.018463176686767,0.0231870905066599,0.0137391422313066,0.0150881911810009,0.0119703534544615,0.00473122059288857,0.00373915468397527,0.0119400740303634,0.0180959873744542,0.00667812739793189,0.00507947863849103,0.00458817382279409,0.00806429107676743,0.0185365889137981,0.00423222051107055,0.0154029875750455,0.00170028962793161,0.00299337182169425,0.0117078310258089,0.00147106963077385,0.0078694792671685,0.0120861694617795,0.00360759777393162,0.0222869708791545,0.0287608646153917,0.00438064651918818,0.0175849692012248,0.00711162589905067,0.0202989522008638,0.0158599257288166,0.0014589582472202,0.00293552777816411,0.00971042246340936,0.00699434038506676,0.00847106182059095,0.0163069522519838,0.00804210842979296,0.0162640587520467,0.0140341783269466,0.00987414712871497,0.00738287692901122
S126,0.00751328660512612,0.0104204122278617,0.63464958661765,0.0187289111928539,0.0249303325938443,0.00723667776325175,0.00410322445246782,0.00804151016564492,0.00872234761293695,0.00728395505021808,0.00524852718081377,0.0134781350690813,0.0354109898050517,0.0158156541572449,0.00178571545724707,0.00821412472119635,0.00155535854609152,0.0278071044610815,0.0101449107977994,0.00954581275818616,0.00611503142777364,0.00127526141636111,0.00770423895467734,0.00212306517256384,0.00485762604651433,0.00994282969389518,0.0072882705575154,0.00130024685395961,0.0117988535999624,0.00641732904897716,0.00988202990652118,0.00488697093982055,0.00153141672153303,0.0120376900469468,0.0160025229337107,0.00123482172085159,0.0177371834112878,0.0105506669235997,0.0105263159958961,0.00179322135726452,0.00158668927298685,0.00328953696349602,0.0100321617024953,0.00398458703343454,0.00236673620726205,0.0321841404131854,0.00124116579853128,0.00668369993259406,0.00167589194929623,0.00903093503397087,0.0103824087689669,0.0242456223469788,0.0107479935075717,0.00870098091235491,0.0122678702282896,0.0112598609075015,0.0067978754448942,0.00695196444524667,0.010988333074148,0.00561294060032519,0.00349754260809877,0.00423941474719165,0.0129933194667498,0.0117001948445055,0.0130364383881643,0.00412713792831648,0.00396135925934235,0.0160489622114683,0.0112716059405281,0.00367399029858509,0.00885153588407809,0.00260050314804956,0.00184466469767292,0.00892620821392925,0.00142680876011479,0.00582873866096997,0.00589418079846261,0.00272537235532929,0.00710189807060867,0.0128157872546134,0.00470156049406655,0.0096529388347734,0.00687734274227108,0.0200309088335598,0.0168382096290516,0.00175993344073853,0.00360082519050658,0.0264130334523094,0.0107002411432342,0.0288963826924694,0.0104517300582956,0.0115179249752551,0.0213620331572473,0.00960347847883078,0.0196566701499722,0.00658474617406032
S127,0.0126944591695683,0.0251838833837881,0.0187289111928539,0.612970095266554,0.00960348479750682,0.00806767254061414,0.00473290791009386,0.00973866164401576,0.0120481805061802,0.00850962660194834,0.00552625178981214,0.0149846053134207,0.0246373204276936,0.00871826731063555,0.00242879587385903,0.0149541508314021,0.00198890932352512,0.0301827125161051,0.0174573049829794,0.00626059012483558,0.00797772306343492,0.00136758029932433,0.0111503860906168,0.00205467704194939,0.0043193934713592,0.0162319877879959,0.0105361230843048,0.00164278392313345,0.00655319249147517,0.00679128500797574,0.0064643831668387,0.00673035459261253,0.00186627445451731,0.0201671354579553,0.0143684322289361,0.00134577374717489,0.0208094020730405,0.0258739168634429,0.022552878105278,0.00209882139993478,0.00202656987780057,0.00425256073191894,0.0192642406038987,0.00384707881993545,0.0021926050887553,0.0110296715798588,0.00121344523512179,0.0102660474096238,0.00206003836377452,0.0075517444615894,0.0144296444090727,0.0109723689789583,0.00800391313235566,0.0211168088856744,0.0146758826807089,0.0151864116859512,0.0107400911404524,0.00889986019797251,0.0240082620389648,0.010997101579985,0.00549874946085008,0.00403488108957647,0.0186090017667598,0.0266582169698689,0.00866577360563635,0.00442277707340544,0.00408110870634159,0.00790833687186084,0.0272503392466334,0.00358765736966233,0.0101899571062561,0.0020515309689755,0.00263677970898739,0.0106770492055084,0.00141675277048223,0.00582514711345953,0.0072133713018812,0.00405631626588701,0.012896175828774,0.0259322082560612,0.00632146198406229,0.0172117922976875,0.00574857721426502,0.0206144259988483,0.0112330872785843,0.00167508635079856,0.00444891601215516,0.0119997472967768,0.00846580525966923,0.0109783771122041,0.0158748292085491,0.0122064755762686,0.0219753581371195,0.0144113646024707,0.0113457059482619,0.0103570148475431
S137,0.00501321543707512,0.00753139207543645,0.0249303325938443,0.00960348479750682,0.671031280949254,0.00498844262006811,0.00359286228735142,0.00627886342932097,0.00543016719002863,0.00618066395379857,0.00448537215960032,0.0140178342505957,0.0310636752896316,0.0075561732451039,0.00158483836923144,0.00611493355932904,0.00136448182179487,0.0180385578421879,0.00732074114945269,0.00835033255167399,0.00415241647969521,0.00132453465477951,0.00679130313396219,0.00209324656949289,0.00378773579342421,0.00993423884624818,0.00562052642073018,0.00131311747877345,0.0353082129467022,0.00431297286886214,0.0335445949403832,0.00365098454845075,0.00141886680269966,0.00676849939073665,0.0163996193614757,0.00126526155528267,0.0150424884335016,0.00717026201446466,0.00717331831386318,0.00181966130578555,0.00138783708253128,0.00284928339953226,0.0147849468456911,0.00304073230337567,0.0019501658129714,0.0152203542687122,0.00131349697990797,0.00393132091960118,0.0015318418986293,0.00592449161997352,0.00754609066777421,0.0333086851190273,0.00654002164146756,0.00871830926972518,0.0211099373236598,0.0188765628839853,0.00533981133034056,0.00491918681977138,0.00614999799309266,0.00348197017104968,0.00276064472297712,0.00310512373339439,0.00773422356114305,0.00887230562324602,0.00899785186770189,0.00348159803424609,0.00315517131466114,0.00764784164777681,0.00697576270596177,0.00305707277803591,0.0101588724703789,0.00402419074553015,0.00184598439214932,0.00655592092782941,0.00140341689441389,0.00422256546357323,0.00450963985850508,0.00230227726868611,0.00593135306573541,0.00843932111363377,0.00283160580423019,0.00732937971996655,0.00475517219760932,0.0140664262314696,0.0156853970944895,0.0017937771058816,0.00192250390270843,0.0131769990648821,0.011669202183186,0.0244459877613426,0.0101072543655347,0.0116394828971556,0.00932741398974289,0.00711007805020453,0.0271352504056039,0.00429295251878105
S141,0.0275148622552503,0.0145993530044999,0.00723667776325175,0.00806767254061414,0.00498844262006811,0.649261362214235,0.00852942886771746,0.0143680067875967,0.0128645237380842,0.00677058132283313,0.0174210605433202,0.00622482472703331,0.00551151610162597,0.00821623462973674,0.00757250932543426,0.00750992582941179,0.00584162295683003,0.00674874277479033,0.0123926098150939,0.00752254160669784,0.00826342535527723,0.00391721722815565,0.00843705862151499,0.00813482376145981,0.00780508093648812,0.00727315083004472,0.00810542173409469,0.00701127767818115,0.00544531965536311,0.011309788638715,0.00519637195094019,0.00786982860815305,0.00463778957945084,0.0098741333143929,0.0136550259852774,0.00430266353209235,0.0072507527422921,0.011939993409176,0.00761568470505171,0.00577168545904416,0.00816633323932203,0.00942190343624104,0.00825253627364362,0.00708024559546009,0.00503059622207252,0.00738610326299204,0.00286850355906275,0.00957232186997313,0.00472778470280475,0.00948011949835528,0.00786264250000106,0.00553052837957232,0.012197931294572,0.00662339898750377,0.00579248805875356,0.0073063691528111,0.0205572237217628,0.013069237187965,0.00795523816656447,0.00962699165960183,0.00586399144996246,0.00784330180233903,0.007414236183372,0.00604459569475172,0.00823835902254018,0.00733599847442813,0.0128186910206496,0.0143587165032904,0.00616315608247155,0.00836164801202686,0.0130859441565929,0.00312803261056864,0.0077286435113364,0.0119216993165273,0.00287930910632692,0.0216120880229711,0.012346570661241,0.00745208922417585,0.0129766366006543,0.00786599154724794,0.0107108116048037,0.0078890270719102,0.00976391529140551,0.0062886784803479,0.0113789285288794,0.0027183330607256,0.0106617724887737,0.00715693843885825,0.0131317933348623,0.00978791225533824,0.00740396953467129,0.0137110972348676,0.00869055314875581,0.00805648835677189,0.00621950411785382,0.0101267269216357
S143,0.00900869085761825,0.00651277364704438,0.00410322445246782,0.00473290791009386,0.00359286228735142,0.00852942886771746,0.663560964318334,0.00702792836804484,0.011051010656953,0.0207447852955473,0.00994267685684173,0.00790373218447201,0.0035495781857633,0.0104985343788285,0.00951481566348143,0.0172752588128472,0.00723187434366073,0.00362413674856147,0.0072955842555081,0.00719679661073804,0.0112770363403241,0.00524744906544483,0.00825068224374548,0.00649923102914886,0.0072549282094693,0.012432076247367,0.0189695567070694,0.00626233156602555,0.00411870807354604,0.0056994515259736,0.00525039159730726,0.0142195996227694,0.00428568587214368,0.00569275222463801,0.00889981135331361,0.00405269553021295,0.00462658622612008,0.00804405423676318,0.00655197299889306,0.0084195299315904,0.00671523201049735,0.00774159096261991,0.00489842842593506,0.00647336088148426,0.00608707535359164,0.00571863599127716,0.00394264346584535,0.00805701015050846,0.00592030107078025,0.00904470147977055,0.0104871391864556,0.00459605123495022,0.01006323690278,0.00585045637268043,0.00568808791196097,0.00558264298178815,0.0133947428921241,0.0151197199261433,0.00647343249358712,0.00977941707119034,0.00757666400029579,0.00553531138762873,0.00513921439220392,0.00559668175764156,0.0116932756055685,0.0133079377262191,0.0153900655106263,0.00872049894420779,0.00474114101561568,0.038681829349118,0.00538507908801773,0.00383447221229342,0.00958300094772116,0.00965707611120909,0.00320058679580221,0.0165437836412698,0.033384766462686,0.00986230386014585,0.00939337446400779,0.00651316135647209,0.00523728660728484,0.00855975498725075,0.0128148998041102,0.006470666405346,0.00668859698243712,0.00349619214760617,0.0070730425058515,0.00619221385661274,0.00761003916485388,0.00456255096011044,0.00842731088318976,0.00798252753056112,0.00667624663092799,0.00886165981450582,0.00490287174279429,0.00767840030896252
S146,0.0120466828133834,0.00802254703021516,0.00804151016564492,0.00973866164401576,0.00627886342932097,0.0143680067875967,0.00702792836804484,0.66256286449936,0.0096218696934118,0.0142169046755959,0.00962942772673859,0.00716536832437738,0.00783715242558754,0.00511759074617003,0.00524847353343631,0.0101387936360689,0.00483182222633813,0.00997657829759549,0.025817146348946,0.00467142099235845,0.0103191931773727,0.00365645254289977,0.00812812611233181,0.0051965674750677,0.0051142160128612,0.00736235533987059,0.00941604918617238,0.00479075562317818,0.00563855039038976,0.0108113644807559,0.00564217819871453,0.00884920135643631,0.00377593956587947,0.00971615440856508,0.00852888795992076,0.00373374856798897,0.0200158727132352,0.0145462822839141,0.00802329789122951,0.00514250381220752,0.00449429667815154,0.0067840007408512,0.00855958463461883,0.00497689029377547,0.00529192968033297,0.00539529795083681,0.00251901875786456,0.00893577331761044,0.00462634492993332,0.0069481660264669,0.00661076007128355,0.00841796015248834,0.00513967977380049,0.00800658122700944,0.00626249633904361,0.00698090054854271,0.0085740266123368,0.033109394589274,0.00975803595406079,0.00883765304917093,0.00657856622558582,0.00646653644740992,0.00922332974471839,0.00832851647496811,0.00922503423030586,0.0138673875106405,0.00476503811796397,0.00502647055159921,0.00797055286239302,0.00515830138672518,0.0125949589762114,0.00314637124773086,0.00515978575208269,0.00644667774467162,0.00264100922217208,0.00511983196807018,0.00660879853381098,0.00582218216971191,0.00765931290229357,0.00759702843694036,0.0179800752098011,0.0125744154468363,0.00488904220706708,0.00704928845765463,0.00661150843416787,0.00259995105925535,0.00801887074780799,0.00588801661350771,0.0146013421425595,0.0102022369305271,0.00737716688667982,0.0195336784224649,0.00826313861011745,0.00641215593744723,0.0109508780002658,0.0159834756961825
S153,0.0220931792712224,0.0150483488117166,0.00872234761293695,0.0120481805061802,0.00543016719002863,0.0128645237380842,0.011051010656953,0.0096218696934118,0.646996811820859,0.0214725603052468,0.005742192555269,0.0111492250073552,0.00850445827782252,0.013728807996108,0.0054880091479205,0.011235111771925,0.0036343252809613,0.008932114244152,0.0105489906114623,0.00917268549326669,0.0098578927162217,0.00272660285451122,0.00788041347875217,0.00415441216600806,0.00484411632278623,0.0092442706891612,0.00866379224018913,0.00386445670753674,0.00471179672321759,0.0057807316866965,0.00478298191837162,0.00675056112279558,0.00333136447754126,0.0109632208520846,0.0156108610274369,0.00275382376837747,0.00816682246051638,0.0104775789257469,0.0123216874884287,0.00492279725447099,0.00381965129780112,0.00475096992313214,0.00897248252237707,0.00407690493515702,0.0033827147029043,0.010770815143355,0.00206718238765487,0.00743756271888349,0.00326509725796894,0.0242598413850189,0.00872296886729751,0.00638033670018882,0.00655009449333409,0.00812271432939241,0.00766325827388983,0.00791195606593778,0.0157403827753974,0.0168735223584698,0.0101102189444028,0.0106120848678552,0.00611564953330239,0.00800922220592015,0.00886515017332384,0.00912903735430014,0.0138329076291691,0.0150459693606718,0.00642530879036106,0.00647452295207314,0.0121523555452462,0.00632509609004489,0.00762881577422319,0.00226510181044532,0.0058809249717976,0.00785775229975462,0.00213653068720882,0.00684993072605107,0.0107069336362913,0.00608341463019554,0.0284903673744201,0.0114053348964341,0.00612585550907011,0.0118229407979916,0.00503051990261173,0.00856688724753056,0.0171307801368461,0.0020379697578298,0.0052939611742944,0.00990111103667546,0.0084311410355857,0.00660822495005223,0.00859247237061377,0.00774006444682889,0.0207805610870235,0.00804255089761394,0.00644113698642915,0.00764802912992882
S155,0.0125418383680873,0.00997317398275411,0.00728395505021808,0.00850962660194834,0.00618066395379857,0.00677058132283313,0.0207447852955473,0.0142169046755959,0.0214725603052468,0.652573260715886,0.00545818998620662,0.0194202956095327,0.00772687668999767,0.00658862080960174,0.00363839543687413,0.0198211661820348,0.00267915324032981,0.00870506345690129,0.0118656616537406,0.00455789576830806,0.0111409011781596,0.00254099048732871,0.00817011364734012,0.00356256780673549,0.00360553204067412,0.0132862894035221,0.0146894569149806,0.00281078913339709,0.00515119116408642,0.0046828793747503,0.00547317208637111,0.0115934858902999,0.00270074891135998,0.00910070616775849,0.01271216958968,0.00212741884264713,0.0122468347547693,0.00873009696737683,0.0135460861341017,0.00422530078224415,0.00283418547453188,0.00660246658634676,0.0102355290857436,0.00337674399631727,0.00307713112318995,0.00625931311175078,0.00191180708371331,0.00525026678162887,0.0030589752069274,0.0104758373433288,0.0110477749423092,0.0105233745471664,0.00644869760767053,0.00741435451469339,0.00728387033052843,0.00689972849596419,0.0152166637015867,0.0282739807230024,0.00713752878518584,0.0117458901132765,0.00854896607383057,0.00425241937364644,0.0111677316547901,0.00860397346942668,0.0155176176714089,0.0263554076063583,0.00468290126810128,0.00546657441022948,0.00989116234186224,0.00888838356655859,0.0117074828675034,0.00227638647556067,0.00525154053910496,0.00731779804233149,0.00199898728525451,0.0071336819711159,0.0129072619381088,0.00471802586610267,0.0198598676371562,0.0110201623961726,0.00477176166012616,0.0133658092617349,0.00535069677367166,0.00860661964135719,0.0122963995556759,0.0021041143224316,0.00329881097582334,0.00760223266539244,0.0063324337853977,0.00590920523309064,0.0112609480214827,0.00650244192641729,0.00734925427851309,0.00737464027548537,0.00716367959565946,0.00796274395125262
S158,0.0103500591236451,0.0059141191442092,0.00524852718081377,0.00552625178981214,0.00448537215960032,0.0174210605433202,0.00994267685684173,0.00962942772673859,0.005742192555269,0.00545818998620662,0.666855008242805,0.0050377281457855,0.00471352259288264,0.0086933549996924,0.0131012423900572,0.00571044036568618,0.0152399772679807,0.00511201864095717,0.0145648730405334,0.00836911236614665,0.0086964770941494,0.00559159520914848,0.00692383809918326,0.0118325078060614,0.00901485308090212,0.00630134013077593,0.00802167784832117,0.0131230912434585,0.00516645732112976,0.00747731000629437,0.00497440236140504,0.00803828373079212,0.00529616059420481,0.0055916651419607,0.00732616666613052,0.00835808516219359,0.00548303658083631,0.00875550360835059,0.00514527004348652,0.00904482779886225,0.00820911000648617,0.0138712838898582,0.00487712238273018,0.00838055990894953,0.0108377785445685,0.00644084113675547,0.00389499762119783,0.0134060206822904,0.00606748275752383,0.01054130629095,0.00859719705042502,0.00506492731002839,0.00894613708253109,0.00605097322949574,0.00506974482900341,0.00610814990626927,0.0100980214582338,0.00925454320768036,0.00780260672116907,0.00604267329552177,0.0125937083544764,0.00711304156020254,0.00502687376083668,0.00496674293473444,0.00813369043936633,0.00651169374513524,0.0166856427982381,0.0103333850240797,0.00531496734416666,0.0118689053859215,0.00652266020081539,0.00380132930690752,0.00790399583381503,0.0101152249315183,0.0038876585994294,0.0172077961039492,0.0131403176766963,0.00841668997993647,0.00564172408331215,0.0055572915023582,0.00787255698922144,0.0050411863466021,0.0231039625335315,0.00556166336552574,0.0053841153674012,0.00339404331974017,0.00896467060077834,0.00599977762191079,0.0158025318176327,0.00766329375568109,0.00679847462761508,0.0161372514520074,0.00714896934859892,0.00905020969398215,0.00640098804593505,0.0111340315278778
S187,0.012039066796637,0.0143347406973108,0.0134781350690813,0.0149846053134207,0.0140178342505957,0.00622482472703331,0.00790373218447201,0.00716536832437738,0.0111492250073552,0.0194202956095327,0.0050377281457855,0.647321652157077,0.0136493285529915,0.0109861751382611,0.0020802454086304,0.0123763958670186,0.00165291475515115,0.0132902527033667,0.00973539393669985,0.00671866512614297,0.00662943375249817,0.00148481203646061,0.00674235398924695,0.00222412536211699,0.00429730275904559,0.0131803239029214,0.00854744353245505,0.00161935565536472,0.00781467373603935,0.00574866676388842,0.00729465334967041,0.00503805530083512,0.00182732299760573,0.0171889739339599,0.0107450653890138,0.00142301994203381,0.0133248259205474,0.00906421371604327,0.00963785330813909,0.00226924723108046,0.00172420250911642,0.0033605678131013,0.018431494260809,0.00370039932583898,0.00254493249261674,0.0118563910057752,0.00134150575423812,0.00528331096540415,0.00185224533414188,0.00791216386412663,0.0155366862615286,0.0276222145727603,0.0096621892061119,0.0101901902783142,0.00994381306703843,0.00851728116905637,0.0155379159300614,0.0107432004408472,0.00846702584858579,0.0073022756130222,0.00843726472928351,0.00409125792378894,0.0232458079501481,0.015807900086038,0.00869149325733343,0.00872529684260235,0.00420924378567291,0.00925895498513169,0.00918587612727197,0.00451097048566785,0.0202638604769974,0.00202019307330247,0.00249449541056142,0.00888324088433081,0.00156644786012775,0.00692013558622666,0.00793098943536768,0.00274605305095398,0.0101773536999649,0.0168629047296268,0.00431704508222627,0.0104673858785857,0.00757975507169611,0.0124682754801179,0.0111566201490938,0.00160354446428241,0.00242906034674578,0.0123891445791017,0.00748350467576748,0.0113927161189072,0.010078501561715,0.00728007559290768,0.0143210202832271,0.00960766756005777,0.01543938886726,0.00558073866742789
S193,0.00777392741420007,0.0148501169800658,0.0354109898050517,0.0246373204276936,0.0310636752896316,0.00551151610162597,0.0035495781857633,0.00783715242558754,0.00850445827782252,0.00772687668999767,0.00471352259288264,0.0136493285529915,0.627642615556035,0.00972883290966497,0.00162438447361068,0.00914910305162337,0.00135020424120655,0.0347293877137237,0.0128135530336532,0.00845746688860744,0.00559405790946781,0.0012324788394093,0.00757848263055504,0.00201171578301292,0.00374917238285743,0.0136956035651208,0.00735153491369389,0.00123136826622473,0.0144995497869227,0.00471257168502955,0.0129210741394704,0.00422105565278865,0.00143033448356547,0.0123315800427964,0.0220199817168634,0.00116467975320048,0.0233150465171559,0.0137650794410667,0.0150198755743161,0.00174340605053879,0.00138551084349087,0.0034595656740852,0.0116922445813634,0.00318580503221895,0.00193911671938864,0.020417291873542,0.00120870709560424,0.00623957585930829,0.00160858027868797,0.00697992194225751,0.0120490336341251,0.0264593545178413,0.00806008731031044,0.0115093259402079,0.0157051487357301,0.0115469961690624,0.0074907670567382,0.00623320620316412,0.0120342571599138,0.00520013947509902,0.00358177693863138,0.00338471530903734,0.0120596129326128,0.0172875934464863,0.00984249683627281,0.00398797551218884,0.00329173343675878,0.00915896618381836,0.0156112707312293,0.0030306311210669,0.00821060625942161,0.00379650863472312,0.00204764922829371,0.00926689295331314,0.00130703908130999,0.00553228401317334,0.00569990380681503,0.00287149750456046,0.00843844997912896,0.0162521495178673,0.00395483592888162,0.0115189243262565,0.00581886316330074,0.0220370632562751,0.0187971719990568,0.00174326018098684,0.00245181813038178,0.0192787520149031,0.0113796838450275,0.0273328909987444,0.0154201272821521,0.0121726910975442,0.0165604270427628,0.0120696219848174,0.0266615514672346,0.00658385790753342
S194,0.0100405137030836,0.00862948250115785,0.0158156541572449,0.00871826731063555,0.0075561732451039,0.00821623462973674,0.0104985343788285,0.00511759074617003,0.013728807996108,0.00658862080960174,0.0086933549996924,0.0109861751382611,0.00972883290966497,0.644443319371429,0.004409241266011,0.00755230192189708,0.00433004412293719,0.00767232263341417,0.00893550291746137,0.0186431656374284,0.00596747752338874,0.0021841613731936,0.00703592910540698,0.00336946612359083,0.0100491258961658,0.0103607408130236,0.00925381027158342,0.00301321479485132,0.00625082186876913,0.0102056816146794,0.00542156159848399,0.00509622749738787,0.00243959404238867,0.00695558111573485,0.00845562023241061,0.00230796124080483,0.00613388089454798,0.00770996556410803,0.00631845391858961,0.00307622018404969,0.00397633902030744,0.00463880995807877,0.00606845885734452,0.00874597029331829,0.0049744224459434,0.0290303316392415,0.00183640439312596,0.00769380656746944,0.00268354730770458,0.0333086946278427,0.0125177958900834,0.0112964444733367,0.0232856537937523,0.0075565772123344,0.00865831081484914,0.00766328950903676,0.00970030209320871,0.00625242215376292,0.00724776075834791,0.00419551772457386,0.00482142207170795,0.0140109716467054,0.00589145521785371,0.0070435530033744,0.00756296049803877,0.00454792238967961,0.00788504479847221,0.0233803589433371,0.00633455944548535,0.00793263128326867,0.00610163065085674,0.00224170931776599,0.003488066222819,0.0136871075928241,0.00227450233515585,0.0176683692102601,0.0176511480241475,0.00563015284432546,0.0114310613323148,0.0109885393288438,0.00361918802523682,0.00726055057024987,0.0174199449008652,0.011331300917516,0.0135658201646161,0.00187276067087319,0.00472267741729005,0.0266330026044364,0.0121098215210466,0.0149911259526882,0.0104864831274552,0.00843537749505283,0.0234126675404183,0.0157801330653842,0.0091962676016676,0.00509949068874625
S195,0.00484959412524961,0.00227916202230532,0.00178571545724707,0.00242879587385903,0.00158483836923144,0.00757250932543426,0.00951481566348143,0.00524847353343631,0.0054880091479205,0.00363839543687413,0.0131012423900572,0.0020802454086304,0.00162438447361068,0.004409241266011,0.663969046220653,0.0048240980781849,0.0459110588819074,0.00179307455540058,0.0029832840629975,0.00476294539883597,0.0111914424020739,0.0191596450053792,0.00360245042677132,0.0252128299127764,0.00584998638158037,0.00391250182608422,0.0114707492900801,0.0548799360130911,0.0019715912979969,0.00327272515607803,0.00306798998683097,0.0290947703983511,0.019795618117165,0.00256451126733615,0.00433379198032158,0.0288956037624819,0.00211784415596195,0.004746966353375,0.00258995332063947,0.0342671189043879,0.0404827579152154,0.0073373401366386,0.00194290921700207,0.00550967580142969,0.0117691963278694,0.00206859080609877,0.0078859067524941,0.0242697926347401,0.0129274440950232,0.00565958852459414,0.00432064819603584,0.00165924276115097,0.00286049448096535,0.00302857961838418,0.00223215073835674,0.00239683492079354,0.00490892624369007,0.00374448874204046,0.00464598835739385,0.0172046015965215,0.0187263528139147,0.00486149816642879,0.00218254156175554,0.0025103351375157,0.00952697995342586,0.0102293741234312,0.00992568929591796,0.0041181291723674,0.00263996454465812,0.00900827488771905,0.00226474333624824,0.0074285553111922,0.0460205769794157,0.00535758210923052,0.0109158866931593,0.00434308912949616,0.00614936403247461,0.0198012899355088,0.00305743967391349,0.00222182177306563,0.0234632870276286,0.00276380921498512,0.00402515622476189,0.00227471443154327,0.00214185246422265,0.00589291407861865,0.0309312372748535,0.00225965502019992,0.0050132248491162,0.00201221827546404,0.00266053338318288,0.00558050947398008,0.0038971272064473,0.00414568720578378,0.00191130521123798,0.0137932689065904
S198,0.00922631239889397,0.0114348847790805,0.00821412472119635,0.0149541508314021,0.00611493355932904,0.00750992582941179,0.0172752588128472,0.0101387936360689,0.011235111771925,0.0198211661820348,0.00571044036568618,0.0123763958670186,0.00914910305162337,0.00755230192189708,0.0048240980781849,0.630414005921955,0.00277529311137603,0.01260213533732,0.0123139889511924,0.00478660554857032,0.0100494075639269,0.00209142178512146,0.0104524328751771,0.00305236986016345,0.00392566648456493,0.0204048958522651,0.0328598242833461,0.00277061174017261,0.00623834993571416,0.00649485604887669,0.0106490544098716,0.0239413249600484,0.00228284822016118,0.0206785997042531,0.00999299276726495,0.00177548957156386,0.0135144652666904,0.0155945903463577,0.0157698370499959,0.00550450140287992,0.00281900563265444,0.0040919722231025,0.0105916675593752,0.00372500124632589,0.00266506255648281,0.00770679652231539,0.00150444738867996,0.00806199665375198,0.0026517439656018,0.00639369090823758,0.0100520276828015,0.00815400170837357,0.00872358650510577,0.0175337427412005,0.0106349466106555,0.0093428741244135,0.0132502398758713,0.0170139861881933,0.0114706213258619,0.0104698088025703,0.00639740989834095,0.00367479252675698,0.0195757863034204,0.0263983923669776,0.0107032523152952,0.0110608309332386,0.00462538330318386,0.00777598105613002,0.0109620761712949,0.00684294519199424,0.00994426092775146,0.00221248286281917,0.00546367829361737,0.0119676260947268,0.001638157298279,0.00858861756681302,0.0150144397843876,0.00540513037978803,0.0111648232287413,0.0140649592248932,0.00655226365199598,0.0244060699323995,0.00739741959027984,0.0125250584236409,0.00917649696404951,0.00183646519329387,0.00483302169767765,0.00889884543389495,0.00808870155724723,0.00785158377418511,0.0126821506883666,0.0130851831629188,0.00845821836096909,0.00982355627580415,0.00847083549642185,0.0105690562437216
S205,0.00433577954711131,0.00186280718055658,0.00155535854609152,0.00198890932352512,0.00136448182179487,0.00584162295683003,0.00723187434366073,0.00483182222633813,0.0036343252809613,0.00267915324032981,0.0152399772679807,0.00165291475515115,0.00135020424120655,0.00433004412293719,0.0459110588819074,0.00277529311137603,0.668996804194529,0.00141610698618218,0.00228216989995916,0.00482440637119846,0.01624184565252,0.0288494878249192,0.00315738174437249,0.0338687868478978,0.00736539837695116,0.00237920052515888,0.0069236877065762,0.0485847876885648,0.00158861569845422,0.00328392400786914,0.00196913345213089,0.0236971802310004,0.0198200455253345,0.00202539661451996,0.00386836764869145,0.0298069165996909,0.00155034374313846,0.00410120161113446,0.00181682555483962,0.031496220560077,0.0324928852826923,0.00925817899000374,0.00156444655687603,0.00557130022249594,0.0148687986555956,0.00189786731860896,0.0135642401307662,0.0216378697830957,0.0246822557181844,0.0067953455869539,0.0041454958372781,0.00141326977640808,0.00237993487702314,0.00249700781770915,0.0015269811881364,0.00174256110328121,0.00433401128794383,0.00271271391553978,0.00423176079658347,0.0120127172327145,0.0196053080523779,0.00684397997895594,0.00173430430160423,0.0015826674844056,0.01471674570541,0.00892298829261082,0.008993133111611,0.0038643724715155,0.00221953644196376,0.0105830149503901,0.00193078892379067,0.0105713696993098,0.0337271089881604,0.00481290694002101,0.0123040577314587,0.00409917152688281,0.00514880511203535,0.0195713188307042,0.0024575800022459,0.00176840449749396,0.0263253359242781,0.00188608477712857,0.00390162052548028,0.00155152772547866,0.00173515096501985,0.00936331732253661,0.030204634216724,0.0017368711797898,0.00441566270500399,0.00177213877722693,0.00193282959907578,0.00453047052302776,0.00356106995377634,0.00370160652686511,0.00160445278411073,0.0132484645913317
S224,0.0076048486236387,0.0162412337879787,0.0278071044610815,0.0301827125161051,0.0180385578421879,0.00674874277479033,0.00362413674856147,0.00997657829759549,0.008932114244152,0.00870506345690129,0.00511201864095717,0.0132902527033667,0.0347293877137237,0.00767232263341417,0.00179307455540058,0.01260213533732,0.00141610698618218,0.627090744479967,0.0138121211882257,0.00644403808452523,0.00596506834218804,0.0012677290531489,0.00821966272779034,0.00188854656596642,0.0037133632906686,0.0130080986593229,0.00732544944124886,0.0013087420742658,0.00903933295336643,0.00628299137687042,0.00814185292655978,0.0048166762711319,0.00155770701883139,0.0160080680537443,0.020509513489494,0.00120428567229886,0.0320590369041905,0.0208280479834855,0.0183096036089373,0.00192317391124866,0.00147190975521114,0.00381389618944018,0.0158450207580014,0.00334603911754604,0.00201559323359158,0.0157713071718542,0.00122751266093892,0.00739883524858159,0.00171791895899623,0.00695003084480119,0.0114756211673033,0.0153964869981943,0.00678283351969902,0.0147284212683443,0.0126344902387259,0.011251950833433,0.00702357797015739,0.00677696067472533,0.015469289497504,0.00606548414891775,0.00470270262702114,0.00480526618046941,0.0175060764546746,0.0245456482396529,0.00741202174728684,0.00427478092437062,0.00339182292024928,0.00704084449746055,0.018697851340244,0.00292501294712798,0.0110051145469659,0.00398640409460497,0.00200080541920691,0.00844523523470664,0.00137145341578595,0.0042089087094954,0.00459804596095135,0.00334158549009739,0.00742383744825891,0.0179135957997843,0.0048598922505071,0.0125743348375413,0.00450735920557796,0.0202372780227634,0.0135034005353687,0.00173677045721704,0.00249782040891419,0.0179491589261303,0.0120161669490089,0.0188586077191509,0.0147557708066298,0.0139180728213129,0.0184507890511663,0.0115565202543514,0.0164715243318644,0.00882455689855331
S225,0.0120144932720304,0.0158181961659939,0.0101449107977994,0.0174573049829794,0.00732074114945269,0.0123926098150939,0.0072955842555081,0.025817146348946,0.0105489906114623,0.0118656616537406,0.0145648730405334,0.00973539393669985,0.0128135530336532,0.00893550291746137,0.0029832840629975,0.0123139889511924,0.00228216989995916,0.0138121211882257,0.624460888570378,0.00649792104082624,0.00803813544934622,0.00162940425379953,0.00981766994245665,0.00269995735418053,0.0053841009508269,0.0162040176655882,0.0128586921952531,0.00209685972250604,0.0069598577918214,0.0100468024011698,0.0070693986006651,0.00809206307251476,0.00202847760902468,0.0119009274470251,0.00937809242255608,0.00154389148474092,0.0117098272596581,0.0182407424372671,0.0136996564969608,0.00294650423382224,0.00230861416982502,0.00698319563155858,0.0104797593549051,0.00516522911852272,0.00309679597987673,0.0117876245785408,0.00135856176522849,0.010548715241768,0.00228259699072318,0.00777009957204175,0.0156524378461404,0.0101286045128092,0.0120163764441925,0.0119785820351343,0.0135308721134173,0.0114562785095825,0.0118005829463679,0.0259895774831499,0.0135214550366342,0.00794530186683257,0.00510563563631983,0.00484707077898618,0.0103464429337971,0.0143078980839242,0.0081013790513631,0.0102476134784779,0.00503001431208997,0.0121050458450046,0.01433620764849,0.00520616839520054,0.0127105339392046,0.00214278696250785,0.00323632438162658,0.0147136717133348,0.00167942420575146,0.00914670176833877,0.00931487776738737,0.00445958961790112,0.00949012953707841,0.0162364757606448,0.00654751694875078,0.0119803749516168,0.0113450803528035,0.0153448680723002,0.00935077368682405,0.00171624483045036,0.00471120651037028,0.00959327620678464,0.0164869238497563,0.0118164086198044,0.0148039027904949,0.0241974974488615,0.0130966352041374,0.0163852130100494,0.0153431359869748,0.010811093916666
S231,0.00833136926329664,0.0057826150492023,0.00954581275818616,0.00626059012483558,0.00835033255167399,0.00752254160669784,0.00719679661073804,0.00467142099235845,0.00917268549326669,0.00455789576830806,0.00836911236614665,0.00671866512614297,0.00845746688860744,0.0186431656374284,0.00476294539883597,0.00478660554857032,0.00482440637119846,0.00644403808452523,0.00649792104082624,0.675020782702497,0.00600092761371645,0.00269698397068981,0.00672651541359371,0.00353600925801473,0.0489212586692031,0.00662243703250279,0.00652327670987506,0.00346052438270416,0.0079691067453445,0.027061957651662,0.00754222010191951,0.00432416926221747,0.00352320030538432,0.00492330580593571,0.007136252697522,0.00330920345112038,0.00696481062331498,0.00696139014803731,0.00494531198962668,0.00320761452219733,0.00448431857015642,0.00468774772575759,0.0052994848963486,0.0291890679586429,0.00534717396128394,0.0137997135117421,0.00297825101281353,0.00742021137310816,0.00316807637271449,0.0136684959809614,0.00985910866917755,0.00926402619915297,0.0200402334196307,0.00554108244518231,0.00755774884663338,0.00769941781847073,0.00708464010165364,0.00456245686800863,0.00672837168003754,0.00392947011415187,0.00530833831687921,0.0154392409065949,0.00475472212075223,0.00493862982010049,0.00619917119503878,0.00673022904718399,0.0073235157827495,0.0182807625859485,0.00541104624446322,0.00649656523152591,0.00521069439279336,0.00280726463454631,0.00352069626952614,0.0116256236694896,0.00654177326890919,0.00973624940834822,0.0112560850168129,0.006160306011953,0.00583126946516646,0.00631001405388647,0.00368825058806745,0.00474197743941625,0.0159235434245495,0.00728491489054563,0.00968874482764377,0.00282194936831996,0.00510561359049409,0.0153024885313617,0.00852517913900886,0.00955980812094265,0.00776969887114016,0.00777898038185489,0.0159059731338793,0.0124305406291933,0.0104341348005823,0.0047040279832653
S235,0.00775399215987339,0.00581082544883997,0.00611503142777364,0.00797772306343492,0.00415241647969521,0.00826342535527723,0.0112770363403241,0.0103191931773727,0.0098578927162217,0.0111409011781596,0.0086964770941494,0.00662943375249817,0.00559405790946781,0.00596747752338874,0.0111914424020739,0.0100494075639269,0.01624184565252,0.00596506834218804,0.00803813544934622,0.00600092761371645,0.651281809309734,0.0210583719763624,0.00763358720952927,0.0191014226438811,0.00795610080694983,0.00551792058097124,0.00956818993882153,0.00924351577632344,0.00327683370512218,0.00645641501143775,0.00362407727830909,0.0150530927357369,0.0100192893883958,0.00752821120224811,0.0129902354813039,0.00843377046355179,0.00601448622756348,0.0142810588995907,0.00677034116056817,0.0160848631874495,0.00973497713205243,0.00766907904985761,0.00521554351807269,0.00640634796094562,0.00596784230261069,0.00409618220753854,0.0112585436453425,0.0151991759685092,0.0272588067817443,0.00883416458456035,0.0071428621834508,0.00430002557695792,0.00400004846813972,0.0100124837894349,0.00424249064816886,0.00470380420803428,0.00998793925154496,0.0111333314714531,0.0134032605077956,0.0122042880274533,0.0108717523085444,0.00667339618305277,0.0068474260975652,0.0062093242984979,0.0193439367316093,0.0153202562702676,0.00915971422435261,0.00506233861363986,0.00826211167073753,0.0117870914924829,0.00529792515782047,0.0117701069440707,0.0141264779432928,0.00647998468756594,0.00631595389825682,0.00523471157304459,0.0071219585697525,0.0166853481631066,0.00623383578538819,0.00604175732262248,0.016717739859374,0.00724875073195739,0.0040424551112068,0.00536165670034584,0.00514257602681032,0.0107180021098069,0.021698433249564,0.00421995421172369,0.00740511937162282,0.00446820917575299,0.00538110999942151,0.0092106134051313,0.00713539406586418,0.00640115613103446,0.00468132394944973,0.0136469773288513
