Sample,MH0002,MH0003,MH0006,MH0009,MH0011,MH0012,MH0014,MH0016,MH0020,MH0021,MH0024,MH0025,MH0026,MH0028,MH0030,MH0031,MH0032,MH0033,MH0034,MH0035,MH0036,MH0037,MH0038,MH0039,MH0040,MH0041,MH0042,MH0043,MH0044,MH0045,MH0046,MH0047,MH0048,MH0049,MH0050,MH0051,MH0052,MH0053,MH0054,MH0055,MH0056,MH0057,MH0058,MH0059,MH0060,MH0061,MH0062,MH0063,MH0064,MH0065,MH0066,MH0067,MH0068,MH0069,MH0070,MH0071,MH0072,MH0073,MH0074,MH0075,MH0076,MH0077,MH0078,MH0079,MH0080,MH0081,MH0082,MH0083,MH0084,MH0085,MH0086,O2_UC_1,O2_UC_11,O2_UC_12,O2_UC_13,O2_UC_14,O2_UC_16,O2_UC_17,O2_UC_18,O2_UC_19,O2_UC_20,O2_UC_21,O2_UC_22,O2_UC_23,O2_UC_24,O2_UC_4,V1_CD_1,V1_CD_11,V1_CD_12,V1_CD_13,V1_CD_14,V1_CD_15,V1_CD_2,V1_CD_3,V1_CD_4,V1_CD_6,V1_CD_8,V1_CD_9,V1_UC_10,V1_UC_13,V1_UC_14,V1_UC_15,V1_UC_17,V1_UC_18,V1_UC_19,V1_UC_21,V1_UC_6,V1_UC_7,V1_UC_8,V1_UC_9
MH0002,1.0,0.4825765345419899,0.681965407346405,0.5780226604296791,0.6730863533916595,0.5633650048463865,0.6404827730265363,0.6305052681026968,0.6318329143897398,0.6212802031167552,0.5331986667320372,0.6116819581513178,0.6030181203793982,0.6792227806378119,0.4326917056223103,0.5460978156806225,0.6003921043828506,0.5584138389808156,0.5308857856595923,0.6554986772469007,0.5887992415521738,0.5955651102855832,0.6252633925529808,0.648360051492022,0.5484873199336847,0.6516750517538775,0.6221129813237971,0.623924673502361,0.6374886585320713,0.6135576209592591,0.5791240861759371,0.5963796578608532,0.6518808773443047,0.5298089908833646,0.6396383178082947,0.5511210673519681,0.5208905275539569,0.47607510303149225,0.5140338920981842,0.5647347727196949,0.646564678220373,0.6841805035793924,0.6757576612264155,0.6135432194691617,0.6049884494197741,0.4796918679146347,0.5904661782325239,0.5713204530352126,0.6102973125476436,0.5789180790143013,0.6735157557584256,0.6365256088329749,0.615931224938491,0.6691501728858703,0.5776905562894892,0.6658759387456412,0.5570902609035241,0.48028714690669205,0.5506576983810187,0.6255796538990898,0.6435346250747952,0.6153394230585065,0.47996968060015976,0.5656295427831087,0.6459737897239483,0.6722202802972445,0.6535096459733073,0.6777190139283048,0.5662004105258918,0.6814492035765247,0.5979859976148595,0.6009114487334357,0.41382045650626087,0.6071390323247308,0.5237241907095564,0.5909347405480274,0.5496654227113005,0.5095099572463645,0.3520800289966528,0.6182278357603893,0.6389379357737309,0.5918215112433003,0.6511099316095701,0.6027501924787241,0.4683824898833432,0.5809990287215949,0.5443957683654963,0.37766675485016077,0.2700802721838599,0.5857929690027526,0.6343614613748836,0.3848717763612639,0.5333903464700901,0.5797070108794109,0.6632586058290654,0.6260881136641563,0.6183858487373024,0.6217787183243237,0.5683508514485712,0.4727405925389664,0.5522820830275722,0.6022400976162671,0.5798281930704476,0.49196616651045455,0.6714713098869856,0.463911538755869,0.6287581275727396,0.6342352437811617,0.5928600147523309,0.6429149324533963
MH0003,0.4825765345419899,1.0,0.46080693930448846,0.45600422927444306,0.5212810326898651,0.48074538131228084,0.517037633062096,0.5223425077746082,0.5089717131622217,0.54034688607855,0.47253704416656717,0.46592753087340855,0.49654074535835824,0.47123937100332447,0.39831730611271154,0.44384807467356624,0.4788297455556052,0.5492108701056112,0.41073168175473995,0.5695108123517167,0.4342540681541376,0.5717096829934145,0.5542288935087704,0.4780704508825153,0.5569372726858549,0.5485956065030416,0.4614823583262838,0.5373985924702911,0.50406109673696,0.5096432094666371,0.4032136821522896,0.4065252769351799,0.5203732655425894,0.4678052466504887,0.4468768775025618,0.5296963573477105,0.46570445173753505,0.42941631857047713,0.48978194614367565,0.4315132113759661,0.4626203252863579,0.5034261797439559,0.490460580860244,0.5065268932369749,0.47914671049704904,0.46898394377727226,0.4369666629306723,0.4717128690507365,0.514408480478523,0.4440756827377128,0.5269207587715878,0.5350556643240602,0.542459002571333,0.4577553346070722,0.4831912347580719,0.5225461292019697,0.5054026984287194,0.4936015135307319,0.5009493735967052,0.538157709931799,0.5703432413526345,0.4998552801385103,0.4470867185411419,0.43049795835522586,0.5240545462089087,0.5008951638684558,0.5038694415889043,0.5294419834937956,0.383769059804284,0.5325591994473966,0.606625248764771,0.47798030312467854,0.4584772484717221,0.4398157595732006,0.45325140276028886,0.44855941337641536,0.4039832491044215,0.4370395708395285,0.32829655155910276,0.46384276940151814,0.5580425385087977,0.5998615129326841,0.5366715146367007,0.4207973646630614,0.3884967918965012,0.5617385933117869,0.3650872954086153,0.5045235193990493,0.3211284945042552,0.5477101660203353,0.5674745438123293,0.2905308361038934,0.3933842811853343,0.5084637036686291,0.5198800307585523,0.4094432949003459,0.47818157013879725,0.4133872332094666,0.554464017766971,0.3423279871083422,0.46363876824830386,0.4406902875440686,0.34868673906626113,0.45607274449122914,0.5053021598412707,0.5353516327949218,0.5427383563683856,0.401930056233299,0.49967540162573454,0.4347155964768007
MH0006,0.681965407346405,0.46080693930448846,1.0,0.7231052641438117,0.6617172362843073,0.5735097263142819,0.6833733545533766,0.5903168673041316,0.5596655405665332,0.6097804343341574,0.561375945885265,0.6397895947445627,0.5848223379869789,0.5670838149244991,0.6857018642819936,0.694773554178384,0.6849703696627374,0.632282629595078,0.7108991682722325,0.6656342419745305,0.6188702221886545,0.5628655243204624,0.6730369696844065,0.6849826419196924,0.584181234757058,0.6857699818033082,0.6829499222508705,0.6249511356036886,0.7149029825616875,0.6313608815229657,0.7095662260688674,0.6215707582064367,0.6957453307719936,0.5983777245989932,0.7371636504783639,0.5871279709941212,0.6490803378708772,0.7001090322702893,0.5557644745112207,0.6952098653023051,0.6232417950108888,0.6444399158320147,0.6561687890047292,0.689418739120925,0.6511563672157771,0.4862830657897227,0.49049250317924975,0.7566918831389207,0.6524664527212497,0.6147621336495844,0.6429966651097695,0.6368512670712638,0.567394009672618,0.6794132385539905,0.713081568063201,0.5977253039754029,0.5852999229512391,0.6473036587196975,0.4207286621110906,0.6489239780814163,0.6237672874915243,0.7260505044017108,0.7194482531722106,0.6458161970752372,0.6165654365727524,0.7202280901451916,0.7557630739065261,0.6842828911215917,0.6387046777366532,0.6752132188467342,0.5881596067057504,0.6658795312456538,0.4417934144432092,0.6350191868520274,0.6690586928272183,0.6214819578974392,0.7207112230954029,0.6480912998126398,0.2931862729778383,0.6461936349182804,0.6160601645389816,0.5841665250402611,0.596631974161798,0.5651882964025406,0.6130289755376552,0.5058206146109196,0.44375273194853504,0.3511235570575948,0.20805204429816881,0.612806302687582,0.600848961929135,0.30815860374169746,0.682835112886692,0.6191003440020676,0.5811891165293886,0.5749620458351217,0.586618090221215,0.5219336700367384,0.6013427241707262,0.3704146652235818,0.7124142322754474,0.5399176627972878,0.538964282626407,0.4178194512996365,0.6347037220790599,0.5560281936124043,0.6069258399348848,0.6363864322064668,0.5241636185812214,0.6226433238471485
MH0009,0.5780226604296791,0.45600422927444306,0.7231052641438117,1.0,0.6404589094239034,0.599505932845569,0.6797805037810487,0.5390508438360094,0.48858134086908867,0.5788839904596979,0.5245986601611203,0.625114862645983,0.5159018625666327,0.5525092597804694,0.6471694587142132,0.7517462532688521,0.7017806184244025,0.6047550079968773,0.6299319530370634,0.6282280599685142,0.6197569570722431,0.581219870916196,0.6063946379756746,0.6393210156208271,0.5526923636233966,0.6131606217172837,0.6508452176615116,0.5623441297333862,0.6854073415755635,0.6131426917036386,0.6196679479847031,0.5405873492986384,0.6508563175473322,0.5215974909371149,0.6632648736941452,0.6148562815707759,0.637693957504756,0.6635909363461081,0.5550056810953424,0.6044618451702863,0.6347709498527792,0.5544811648205722,0.5969581389986204,0.6826750862407539,0.6686812835756939,0.4529561935691606,0.4112747475538632,0.7302750583961185,0.5890713304225835,0.6448372142328402,0.6232366861424572,0.5609015410151462,0.5157863223177928,0.6378666115819045,0.6177699745915235,0.5751314139230674,0.5199235413223735,0.5890117659820414,0.3991800758033339,0.6311916480276313,0.5865083983253733,0.7011192110400286,0.6375923204305205,0.6656379059187054,0.5610283173013058,0.6407556339757473,0.7161947690556564,0.6369417711639345,0.6335967398899884,0.6356805857778909,0.5757812582128735,0.6731806899985929,0.47132380262623963,0.6449066336535899,0.684460993072486,0.6279410507933524,0.6748545850503113,0.6102096580147688,0.24565886877090204,0.5836732786816843,0.6077495723762272,0.5901543932165842,0.554276201980434,0.5548338974618376,0.6516911940179919,0.5210546325169626,0.4190528784941854,0.34336344301940547,0.21310507092912212,0.6647544481745212,0.5740721046114221,0.31162574522587616,0.692941023037885,0.5624660969215114,0.5255920935509508,0.4705521340044505,0.6070166797314941,0.49812131445157337,0.6263891575006377,0.3458864801831838,0.6334589876333918,0.4920502397839521,0.48915907842131356,0.4266731877861336,0.6208523414701765,0.5457421217050625,0.5869378120184605,0.5268936600064179,0.5281744113164405,0.56530914776443
MH0011,0.6730863533916595,0.5212810326898651,0.6617172362843073,0.6404589094239034,1.0,0.6596571701610464,0.7317121552838838,0.6983406021969338,0.5108702817650203,0.694700074743133,0.6253078910862717,0.6707514385010706,0.5499718485000734,0.664867752670863,0.5338216835231393,0.6404530938849535,0.6704004506900718,0.6849957951228349,0.5722904523130892,0.6780581621874676,0.6599656421323957,0.6192674975290842,0.6872251032955178,0.6863289878520529,0.5896103726862466,0.7190079663066714,0.6232241046002772,0.641351593448975,0.6602680916468882,0.5947671501455667,0.5624783610147908,0.5673074069204929,0.7317392812861746,0.573143732209131,0.6797586245360837,0.631147850687614,0.6083668466699896,0.5577471535422561,0.5430601521063261,0.5977175671497855,0.660590411703028,0.630865035301156,0.6672636464648231,0.6608287774495731,0.7203803402680208,0.4773737027090805,0.5172324086760925,0.6367182454595459,0.6969357214572932,0.6602534270947473,0.7011331553247072,0.7096468604154453,0.5719666600289678,0.6678500776897556,0.659605607258853,0.6625463952043998,0.5634330499790025,0.537412381344038,0.4415218371960582,0.7019181606269859,0.6651187359649191,0.664155964099641,0.5788140165928249,0.6411721046554599,0.6133091751401061,0.7134207465836986,0.6923440585704437,0.6943924433495671,0.5481619955701007,0.6885177347856295,0.6535660311240739,0.6373540874344565,0.4140013339298073,0.5867428372108544,0.6401659773310882,0.5926087447893927,0.6379271903784518,0.5267607948951278,0.3133475998233288,0.6172344760984053,0.5800280182835584,0.6685744873857127,0.6061776520245951,0.5645230104642799,0.5831523990819256,0.5393724211992802,0.4113113930919303,0.3838533075965991,0.23567775580979977,0.6746830214351917,0.6866961654817079,0.26196683431525236,0.6461329910900971,0.64267289453587,0.6338073009635796,0.5197679205419132,0.6504812327268217,0.6551233262623809,0.6675603021467005,0.39735885214593036,0.629875529097167,0.4870670762955366,0.5156256179616899,0.4753997596190285,0.695972391709074,0.4986617580438615,0.6604741517680415,0.5039250521471822,0.6666914523265044,0.6230894110377291
MH0012,0.5633650048463865,0.48074538131228084,0.5735097263142819,0.599505932845569,0.6596571701610464,1.0,0.6280707755362589,0.5949080688493197,0.5212432743470541,0.5921614826458111,0.633280455096154,0.5461446890963162,0.48307894773551685,0.543992483443661,0.5062120004255434,0.6157855462002169,0.6281362535235684,0.5890049953550236,0.4978885908369304,0.5859300580946144,0.6070894937331163,0.6007655148772721,0.6052186528021835,0.5519374350054153,0.5487997899809804,0.6646828750208135,0.6139557153139034,0.6089052132330748,0.5882904142474638,0.5388038338400714,0.5087569185565722,0.47008703159344367,0.6380955810100677,0.46843773021497426,0.5940356032814262,0.5583090195543639,0.6129123438579357,0.5918549585026135,0.5655409900640491,0.5500695329298207,0.5567302540579766,0.5375924374202216,0.5422243224285143,0.6094074473628566,0.6367312710524414,0.42245283000091394,0.5196861668343827,0.5346871742136055,0.5879285055326339,0.5728816699843233,0.5917250064629552,0.5616351101582694,0.5923537236094635,0.5917155131768542,0.5400049415529489,0.621473888015282,0.4775512904523478,0.4786223520825018,0.46599518148289465,0.6339800332115626,0.6229109734341635,0.6163510200951935,0.5096119028403978,0.5339186056532021,0.5389165828291794,0.6113389386080436,0.6272913612801618,0.6585067523195323,0.48067024101074796,0.6101300187854971,0.6387994669454176,0.6150524353312316,0.46028929226228676,0.5307821986162449,0.6044343719046378,0.5156696938924195,0.5567699508323434,0.4368910882763152,0.2889870064929859,0.5482440634914146,0.5409042396623486,0.5960588337112902,0.5373276362623932,0.49587278462762363,0.5252813886337913,0.4887918095987245,0.4262006520391447,0.3329285059398851,0.23780073060712226,0.610987412718024,0.5896485039818291,0.34187139244409537,0.5157063468371065,0.6096490057849613,0.575051950900047,0.5159185154398065,0.5123795503438351,0.5044321928504256,0.664711083555725,0.30759995121807293,0.5222568093473349,0.4751249825797297,0.4421296576668301,0.44400085884115725,0.5718885971840801,0.42526069872924843,0.5945884949703791,0.46354551723008186,0.5535920057051458,0.5337181706988018
MH0014,0.6404827730265363,0.517037633062096,0.6833733545533766,0.6797805037810487,0.7317121552838838,0.6280707755362589,1.0,0.6254956483371743,0.5778427844468288,0.6727814515876224,0.6103690974733353,0.6987350730004271,0.5851121811811456,0.5997719465279425,0.5186704154137504,0.5951724139545411,0.6867690937868933,0.6518079283456883,0.6534426225236245,0.7220895462127933,0.6292336782458602,0.6561618225583329,0.7634522944413156,0.6983965504640613,0.595726735784878,0.6840356811946635,0.7113001083363328,0.6641919476669897,0.7498090061280721,0.7020206415897793,0.6342815015876224,0.5979712545938934,0.731506778558805,0.5943702606065637,0.6982072989115445,0.654114581965575,0.6560389990922227,0.6030846204470324,0.5932032300141109,0.6154052954730631,0.6747381765245408,0.6299028619735263,0.6345730963647437,0.6529874874632864,0.6609099741437915,0.5337810161441777,0.519509624640382,0.6093717476838503,0.658451371359882,0.6419730925452427,0.7343857270173905,0.6518282355829569,0.5958072269786869,0.6836800682553634,0.6693127082760004,0.6952481392999805,0.6288082945225638,0.6170391448266324,0.5016017606332521,0.731415090352188,0.712340278260602,0.7206376696099145,0.6073012178420107,0.6450117196399415,0.6438556625939627,0.7473021602509587,0.6577733532727473,0.6860460210486458,0.5867812325342748,0.75573676753772,0.7083560414841967,0.6637276675848774,0.5093218916459223,0.5764768633380016,0.6765729916004173,0.650013320933027,0.6395511404160953,0.5633645460894946,0.35350336424492523,0.6687406662791789,0.6721725826542471,0.6839939154470775,0.6606913611320665,0.5328222568552389,0.5680505908495427,0.5270670742892183,0.5397518207223744,0.46530880181149736,0.2668639780799691,0.7476962098218007,0.6938363211721008,0.3449255674655657,0.6432602875093466,0.6405068091722799,0.6728754939343616,0.5786255126873459,0.6756346972767149,0.5845980014758044,0.6870514120336085,0.38560679669853615,0.6187921105159159,0.5542476350619697,0.5031269027785626,0.4919819464703651,0.7026631323987809,0.5485706197099048,0.6291178260038409,0.5919916049851703,0.6326827327419854,0.5758565145981175
MH0016,0.6305052681026968,0.5223425077746082,0.5903168673041316,0.5390508438360094,0.6983406021969338,0.5949080688493197,0.6254956483371743,1.0,0.5692031498648696,0.5989236726835385,0.6351622300903627,0.6038465680240815,0.5697614001866776,0.6784624125078983,0.45643090556063726,0.5253211936898391,0.5764597856075453,0.6236861732011796,0.5813742403263424,0.6553060274488832,0.5622833597065175,0.5793499477145657,0.6911362806818009,0.6399820755994775,0.5727276670386744,0.6528667487174623,0.5741539095329163,0.603730242930666,0.6086918387172545,0.6514847620871326,0.5799434583875831,0.5477277520219506,0.6798502454160134,0.5015382999733625,0.6092018423092713,0.5801529664964634,0.5824538844602777,0.4711122235504954,0.48088617210290807,0.5598422127009051,0.6130712306878209,0.6761728403996602,0.6511905237299721,0.5858709579340238,0.5663211455091183,0.4732014490632699,0.50122156389794,0.5726915537114149,0.7031462444299302,0.5587582485322068,0.5916241115705032,0.6640933174825682,0.563393253712488,0.6303288562838524,0.6408406973552114,0.5973185890888808,0.5579744816575993,0.5111605441313348,0.49641435917832777,0.6237372118731064,0.6522404915631437,0.5841519200298866,0.5157662942970662,0.5572326772961489,0.6530871682929364,0.6501552299369603,0.6365773152780265,0.6528636683598371,0.6183615073590916,0.6510035343120488,0.5787768119565857,0.5548218327512067,0.3852821469982415,0.5584564344702527,0.577821112361008,0.5426641812409738,0.5407031470235715,0.4828844560011345,0.3305754202948181,0.6301031718175997,0.5919378604113671,0.6072638424002227,0.6110022057658071,0.5531485378368044,0.4370417009526051,0.5456579519138952,0.5291472119339774,0.4056691370793879,0.3034135066618311,0.5951392766696857,0.6940272060432272,0.32766213109896314,0.48991819958894456,0.5585902527142724,0.6421223240515916,0.596728317652915,0.5968062716574546,0.6172892900302562,0.6374895782769402,0.37388175255851275,0.5755186967554824,0.4652549134074837,0.5220751038343647,0.4686940835016651,0.6513585419458926,0.4580057821094424,0.6185493044687879,0.5735206904588468,0.5875817253253924,0.6083387939315756
MH0020,0.6318329143897398,0.5089717131622217,0.5596655405665332,0.48858134086908867,0.5108702817650203,0.5212432743470541,0.5778427844468288,0.5692031498648696,1.0,0.5912929490408632,0.46701773099901367,0.4915136093364102,0.5003969694356263,0.595382378727854,0.3750945228644843,0.44336156773938074,0.5112712943346904,0.5575056992522044,0.5080540290852503,0.6350260695310082,0.5160031208042483,0.5363887857682189,0.5684081824423622,0.5059208824554702,0.5475969020838726,0.5798577315176646,0.5737418711742166,0.5853072684840798,0.6490679948706027,0.544393898313216,0.5104480985598889,0.5936244861305312,0.5961412613232276,0.5093110127431013,0.535514400220015,0.4945124945538233,0.47868384911901896,0.4452140696784046,0.4571314998362548,0.47765162256054394,0.5467285019796957,0.6101535906052036,0.5609026941671315,0.5375492504287085,0.4945411239228815,0.48061858799227464,0.5527892808305958,0.5024129664898954,0.5484588347419582,0.49037210573288026,0.52537653563099,0.5804406122897601,0.6024012715732703,0.5552765118423624,0.5140116733588685,0.49104974117948785,0.5833585341198153,0.5012685465105934,0.5810741652446337,0.55299454932476,0.5673485293596253,0.5882401713230527,0.4200218996013896,0.4527223932286013,0.5590714817928185,0.5548058130183003,0.5823507295852315,0.5942412652645347,0.5357103190645142,0.6455117924240965,0.5596879951005368,0.5417854178200763,0.44813576823556456,0.5005460352997847,0.5036041350599519,0.5638030152943202,0.4561632983186821,0.4574379831974089,0.40659391814303325,0.5228327237092701,0.625103340612907,0.5961442155754921,0.6128801847383352,0.4858457212891445,0.3948334814416272,0.5144736518939113,0.5446746049242548,0.46952424791846514,0.3460268100717545,0.5109603449268273,0.5617314980486147,0.47685898662976656,0.40887942783547593,0.5438918052224724,0.6642255880851685,0.5703069696731321,0.5105739562231273,0.49905818463351115,0.5412382477120434,0.44301991886707914,0.502818980597859,0.5227382082875117,0.5106869769119351,0.4671520261672636,0.5906639658298544,0.473897356805002,0.5490639973803394,0.5786872132572048,0.5394836005614229,0.4804386264607363
MH0021,0.6212802031167552,0.54034688607855,0.6097804343341574,0.5788839904596979,0.694700074743133,0.5921614826458111,0.6727814515876224,0.5989236726835385,0.5912929490408632,1.0,0.6223683369700106,0.646093509914035,0.5786766398307692,0.6537154393403152,0.49032321197940576,0.5469243396341782,0.5917879678238069,0.6338861685851382,0.5991703542950623,0.6600590679140297,0.5623120887494893,0.6422291698573596,0.6359177261620713,0.6461878323592768,0.614077244905302,0.6838653460637641,0.6521683944708938,0.6093861262484102,0.6308019648916868,0.6124196402762406,0.5754508504308655,0.521526939821867,0.6960681158406754,0.657734656731695,0.6156070665864176,0.6709266830140305,0.5923822222194007,0.5468612223963151,0.5895504930398968,0.5729237080662175,0.6599396285882289,0.6155123249266456,0.6431204145864269,0.6613082180517975,0.6153299176277501,0.41323769936293175,0.577091037311324,0.611224108138889,0.6334007242275927,0.5871136384850605,0.6975721792254187,0.7245184075451195,0.6026109455867668,0.6362563193423668,0.6047581056282638,0.606572602380422,0.5590087395772622,0.5607125633811553,0.45273084529961904,0.6934457670994401,0.7118719085463252,0.6778538658760593,0.5988945171701733,0.5881733949777127,0.6348139584987207,0.6831250735679983,0.6658256585450264,0.6412678635307629,0.5916247181909889,0.7093406964083077,0.6151412730772485,0.6095283532477002,0.4531170830939957,0.5312655089227613,0.5826385544463599,0.6386110008868551,0.5285361464335512,0.5215147910665396,0.2408527776857774,0.5843647920707966,0.63174771105375,0.650680367180785,0.600916574797023,0.4922588297739039,0.4851869240680122,0.4952308150983875,0.40948708896947494,0.3720536172050223,0.2234612026556123,0.6474407740485428,0.677273016989204,0.35546968957289216,0.5178061720819558,0.5842368538248388,0.5939813128767044,0.5076076553514229,0.593106212391549,0.5140456847838855,0.6582950397048826,0.34794200408093734,0.5655680778527756,0.5142561169506493,0.47272455251374845,0.5463884863435158,0.6288306379794671,0.4805126266820041,0.6315251896528213,0.6147444986419148,0.6371690400266476,0.5827838823643053
MH0024,0.5331986667320372,0.47253704416656717,0.561375945885265,0.5245986601611203,0.6253078910862717,0.633280455096154,0.6103690974733353,0.6351622300903627,0.46701773099901367,0.6223683369700106,1.0,0.5892585096015068,0.5705791789108103,0.59187393140764,0.5755781840665829,0.5568332814453464,0.586799067180787,0.6058023071895197,0.5801949175176895,0.6280399119054241,0.622175258330961,0.6599140918826496,0.6377252260825089,0.5713612082545378,0.6109159724176549,0.5843736959962214,0.6352832827014424,0.6277628472450175,0.5677543225719048,0.5388773835801868,0.5635408917223778,0.4729660433523091,0.6601161455963387,0.5544113101817617,0.615734154017642,0.6190774060760129,0.5966616821179043,0.5977252263452932,0.6301270909016267,0.5651793904552158,0.558700971618082,0.5201936446659936,0.5575825464396025,0.5751338548542865,0.6423886254648102,0.3669410935573896,0.4392000955504798,0.5697988015369796,0.6236114035671634,0.5987298430198633,0.6448850912613675,0.6472033718687936,0.553902115305545,0.5987913009425587,0.5845529778694065,0.624485607540527,0.4949432507001643,0.48860703526109595,0.4858525016061115,0.6083452646152067,0.6442422568052064,0.5851168796264895,0.5542993078026166,0.5283471910255566,0.5877158107534061,0.6359001807542908,0.5719581602800434,0.6020016782966553,0.4475406866159518,0.5991675019385566,0.5685397283569312,0.5792719506246612,0.46389516825635113,0.49338871653709115,0.589800418966548,0.492286369090045,0.5538941906917609,0.4249509249585881,0.2406098558574491,0.5092097577293678,0.5575253830096654,0.5701770437265018,0.5164537333744693,0.4933030230409383,0.5003027880074385,0.5594812240458313,0.34823528141651094,0.29586097989041327,0.17268218105056377,0.625034075435505,0.6072857023752793,0.26666270635819755,0.5121652498004535,0.5476031004006661,0.6072123468074575,0.43895478593122106,0.543237442956388,0.47142142717878777,0.631224228659884,0.26932733093789485,0.5618835529601582,0.5440329383737862,0.36492193943571727,0.42882238749529167,0.5493679596329636,0.48451076143286986,0.5552373404134457,0.423992036731925,0.5166419897873995,0.5458032550094845
MH0025,0.6116819581513178,0.46592753087340855,0.6397895947445627,0.625114862645983,0.6707514385010706,0.5461446890963162,0.6987350730004271,0.6038465680240815,0.4915136093364102,0.646093509914035,0.5892585096015068,1.0,0.5510628011846832,0.6077863393404329,0.5516174535145403,0.5904568236261271,0.6164548323636204,0.595844418067976,0.5805106190779048,0.6174444861916043,0.6019749111667543,0.5786992684659792,0.6958644090100754,0.6761750168043792,0.6026343189786711,0.6338134842843743,0.6628597920644573,0.6367481906822671,0.6125845371672451,0.6014159544676912,0.6095733338277104,0.5480189172285717,0.7316205409259825,0.5135818365625202,0.6908510543040925,0.6535197137781421,0.5760242679323849,0.5881782683182967,0.5762023549666614,0.6358963332855411,0.6403366527733814,0.5770263381451745,0.6208551638204743,0.6599049585194795,0.6331183747402138,0.4300475316626873,0.476055420402862,0.6651966441340689,0.6371805548656976,0.6072947338604646,0.6980431519616074,0.652504002532647,0.4972157625020297,0.6314537344963611,0.6594546815322121,0.6491175386299405,0.5673242598228859,0.5423437358226582,0.3968843485265522,0.6682850781045596,0.6497824845384372,0.6725633655694611,0.573166823329085,0.6416888230725891,0.611923513678224,0.6996057704653574,0.6503207378828922,0.6340907033460125,0.5771989020673832,0.6613763950483756,0.608895935575064,0.6020875870945047,0.43392542737564754,0.5209103748447458,0.6106002370919913,0.569687251694958,0.5888152099928714,0.5124088414510642,0.306448233851337,0.6444827169480711,0.5840316727410759,0.5912053162243229,0.5664048567137153,0.5280742758628795,0.5004139938164472,0.4941160312017612,0.4822915564944463,0.32269699021414167,0.2142973950826118,0.6416172952207791,0.6086655087988125,0.31180269952621864,0.5567155912242834,0.5725794345616684,0.5306388643944604,0.4832168265942468,0.5879013145175865,0.5298754700986038,0.6020192571061982,0.32134476066882267,0.5958956319519415,0.5049247078778178,0.47336368088952696,0.4608395801376908,0.6595631805853314,0.4728741001764418,0.5615921868951793,0.5197250688459589,0.5647309007017456,0.5644394101092159
MH0026,0.6030181203793982,0.49654074535835824,0.5848223379869789,0.5159018625666327,0.5499718485000734,0.48307894773551685,0.5851121811811456,0.5697614001866776,0.5003969694356263,0.5786766398307692,0.5705791789108103,0.5510628011846832,1.0,0.5693861957509745,0.45692028203447255,0.5683252364692963,0.5857903948072751,0.5055736709909716,0.5387726720275886,0.5499841201661831,0.5378181133931378,0.5811052457127717,0.5488824954775771,0.587644430377879,0.6055977190221689,0.5796931585071285,0.519352093566479,0.5257857636848706,0.5546486106538172,0.6061092661466324,0.5424889476912902,0.4061575388741676,0.5813529297303459,0.5827515126422197,0.5716877216311572,0.5386626569749188,0.4175153536430116,0.5273700029612748,0.58137291639491,0.4947757930840899,0.5532762640357227,0.5632558822885272,0.5532133907127132,0.5611767175164913,0.5804409252817766,0.47335616585057827,0.5089156116305553,0.5497345279576864,0.5341346732797825,0.5701648418806294,0.6063310476548254,0.5411518046900284,0.638490323516632,0.580605841625113,0.5009406417674737,0.5942690309574612,0.4969077733904992,0.4420494090726279,0.5351702895729767,0.6160741951514085,0.6094095990989398,0.5494876029846012,0.47635258009197723,0.5134041573068034,0.6180468237792794,0.5855917138963345,0.5442929056536191,0.5759947787150421,0.5260432029584289,0.6147352836481046,0.6052573134932561,0.5218305816407933,0.46673430502865143,0.4912365168990376,0.46689389098268397,0.5335896803152506,0.4813049089240322,0.42494540496933086,0.275108017255677,0.5279309906637913,0.6213861480640934,0.6000992003783391,0.6096164837844009,0.4771802513348502,0.48536615780966297,0.5810842251276801,0.45558368282516704,0.3409927721606816,0.14109425887836258,0.5868894504391732,0.5750484162957444,0.3108771517755857,0.5047679796548515,0.5190541955070805,0.567902916047692,0.48257300049839114,0.6164645162129605,0.4920040090579296,0.552009733364742,0.29235394538012094,0.521599928000941,0.5511618027237287,0.43914776734633,0.4726946255738016,0.6083179471109861,0.4406147297204881,0.5371076995599294,0.534831291723794,0.5558176657524755,0.5219581531158641
MH0028,0.6792227806378119,0.47123937100332447,0.5670838149244991,0.5525092597804694,0.664867752670863,0.543992483443661,0.5997719465279425,0.6784624125078983,0.595382378727854,0.6537154393403152,0.59187393140764,0.6077863393404329,0.5693861957509745,1.0,0.4240265000413437,0.4856057423022667,0.5317178309085705,0.6479117211092005,0.5620362766341477,0.6409272320919922,0.6141259103978124,0.5678141940981283,0.6223207375062827,0.6542180365675326,0.5408967806955757,0.6316808489830676,0.60136913896888,0.5867247262482024,0.5885086311876876,0.6453768140495076,0.5459989931215755,0.5057076632057736,0.6721156857252393,0.5818211097711296,0.5858785747061914,0.5739302107256417,0.5086090531396527,0.45670024687388966,0.5043681802423534,0.4997025203125671,0.5536086096593936,0.617082749797916,0.6248310028210039,0.5326939619664696,0.6126401255346782,0.5239804959804518,0.5438975609642225,0.574233586269178,0.6280614731754316,0.5244872669304864,0.6422304499070323,0.6759885725241608,0.5982040989115045,0.6236657767565126,0.5404704451549511,0.6292972495403354,0.5233172333635133,0.47058747141156476,0.48846404791696363,0.6194786375878415,0.599125530169696,0.5858720141621478,0.4476850009657567,0.5756525584828915,0.6286707042017388,0.6554336770254247,0.6470870650348236,0.6141512172071012,0.574492296134617,0.6543873510403284,0.5812403521364973,0.5785738896713819,0.43325146599919995,0.515140125574897,0.5355964489232146,0.5964248725583731,0.5275241891102594,0.4661730202768868,0.31244327264582283,0.6158909991441307,0.5594099767842129,0.6236402582274028,0.6566450076891504,0.5053465882970929,0.4219403716258955,0.5713669806637685,0.5502331797690917,0.3505381363963396,0.26143842028873576,0.5824280606352426,0.6419734290255698,0.36849666465013886,0.49135768970334537,0.5511799859454115,0.6348663968056117,0.6159345957378572,0.6041918068285498,0.6632315249824843,0.595798960018573,0.49966156167835407,0.5078257288804537,0.5223173126525846,0.5389777910543904,0.4810627061835855,0.609990901832411,0.4543887523631496,0.609736275054713,0.5558121891380964,0.6430287252698204,0.6556048828828275
MH0030,0.4326917056223103,0.39831730611271154,0.6857018642819936,0.6471694587142132,0.5338216835231393,0.5062120004255434,0.5186704154137504,0.45643090556063726,0.3750945228644843,0.49032321197940576,0.5755781840665829,0.5516174535145403,0.45692028203447255,0.4240265000413437,1.0,0.6981038200580363,0.5897557273502746,0.507663767586843,0.6711826065112768,0.5974084411223585,0.5023400436812635,0.471420521851007,0.5278582236767337,0.5725992722657962,0.5215642732773997,0.5706893477662041,0.6118555812654385,0.5495055622114594,0.5461549607940898,0.48555933130861895,0.6280252982138056,0.4762711630680162,0.5694367943474823,0.4977561081584181,0.6455676875945371,0.5111815215803922,0.6222084839942458,0.8073773067797125,0.49991603869086565,0.6332209534215125,0.5444802905680586,0.48652968696555343,0.5322319666292052,0.6201403833922667,0.5388784807394746,0.26712737421254173,0.29855798157680136,0.7006031672132284,0.5611483799860214,0.5636343982437408,0.5293419653922672,0.5170681480080374,0.41866763611915436,0.5560285336278143,0.6645401699341313,0.4466370627864731,0.42225367428204996,0.5361235854111686,0.2788946949309308,0.5368267606821361,0.5373651525683133,0.6183934171338366,0.6919961565919734,0.562833236307195,0.4342690346792971,0.5807246910501701,0.6034084713015337,0.5785646010321522,0.5453293352860339,0.5380867206395714,0.49266616104275385,0.5917743097171106,0.46973814350003673,0.5838399130132755,0.6286131367777396,0.5890326876677109,0.6610673863215197,0.5611828456845422,0.18068263842346077,0.5269507753678941,0.5536574966978639,0.5234990449526312,0.469868025125629,0.40432750950060137,0.6420343712965724,0.47374663125878724,0.30868126375146865,0.2529922064657264,0.16832439205996808,0.5133049640451615,0.44736897562133626,0.2327353432968916,0.6934378354958503,0.5210038450659299,0.43126706467236575,0.37376073574164925,0.5298988068947148,0.300723389829193,0.48301234910096436,0.24271014297926796,0.6648821010236017,0.42209410631211863,0.38739513890745647,0.3464458345771566,0.5061536727849423,0.5030231318284101,0.4328830483322341,0.4408871472937447,0.4419116481760814,0.5277852152339444
MH0031,0.5460978156806225,0.44384807467356624,0.694773554178384,0.7517462532688521,0.6404530938849535,0.6157855462002169,0.5951724139545411,0.5253211936898391,0.44336156773938074,0.5469243396341782,0.5568332814453464,0.5904568236261271,0.5683252364692963,0.4856057423022667,0.6981038200580363,1.0,0.7191754744016586,0.5926801281208577,0.5905663348174004,0.665195657151688,0.615254680986366,0.496727568431928,0.5916000941980925,0.595692002843779,0.5998489539359877,0.5871276812206941,0.6226141141985052,0.5056696607158665,0.6878767501837745,0.5600767628015457,0.5671754190145054,0.49572185013707504,0.6765674825141261,0.5027314768312368,0.697003680849721,0.5909211008989633,0.6187018411557095,0.7286640814633557,0.5038709353312646,0.6452685117158544,0.6115635836216496,0.5538206204502895,0.5677745191276788,0.6677503251572843,0.6391134207965176,0.40034912307720383,0.37866869166662076,0.7395284909157752,0.5984220825041218,0.6574508739744673,0.6118622933473319,0.5332123020909507,0.47759965883906486,0.6557633760499244,0.6251442447451857,0.5374983624943414,0.4654544474607738,0.5441889719967081,0.3979435988155966,0.6195829994467562,0.5630681413198484,0.682717012704498,0.6454670314304473,0.5884159174010986,0.5430557330307978,0.6236967216878234,0.6981501578877043,0.5622389996659342,0.5477122697549149,0.5883283497638226,0.5365313875850287,0.6043644239004952,0.4450094062591641,0.5789193000830419,0.6694858809107366,0.6091366040659681,0.6993643577869728,0.523062300294324,0.18439088521836566,0.521317137789042,0.561902549765401,0.5655748281167149,0.5185447698681576,0.4600041107612147,0.6607742098713774,0.46797233577813935,0.36228063470327754,0.26043137603415967,0.12235342324784892,0.6260441896670876,0.5170785188710022,0.2744214011061966,0.6463180891852334,0.5635005363841915,0.47736993988458276,0.37914674986883035,0.588498688783181,0.45843129232086544,0.6375458966807164,0.27626974530972737,0.6310002036389487,0.4272565006860942,0.43378580402202493,0.36476414037405114,0.5879919962184564,0.4880484296314713,0.5087278700742223,0.47718986511020267,0.5260108404600164,0.541142424074692
MH0032,0.6003921043828506,0.4788297455556052,0.6849703696627374,0.7017806184244025,0.6704004506900718,0.6281362535235684,0.6867690937868933,0.5764597856075453,0.5112712943346904,0.5917879678238069,0.586799067180787,0.6164548323636204,0.5857903948072751,0.5317178309085705,0.5897557273502746,0.7191754744016586,1.0,0.561453597604797,0.6890406842367658,0.6688807425316959,0.6663872574202617,0.5829279674090778,0.685677759723172,0.6911415601207976,0.6079686381009746,0.6843308337784337,0.6697894851184161,0.5818223015860327,0.7209990124944365,0.5980513661746673,0.6350847341419806,0.549414374345874,0.7222963617510891,0.6073661697232997,0.684532630131359,0.6531715060927286,0.6623993624007015,0.6496626932439213,0.5044719285509573,0.6513471777833616,0.6262788451547951,0.6320353511048439,0.6388129917083184,0.6786188525419561,0.6323589792793137,0.46367734197561106,0.4292588020089566,0.7247374425861073,0.6895165857570124,0.7195028052329184,0.6160328448207559,0.6394842998371945,0.5178646863478957,0.6541151267061937,0.6649512827046768,0.6160323510533627,0.5649832860534733,0.627644163566182,0.39752109842209316,0.6583443281561293,0.64576102753863,0.7246988284380256,0.6351378284654948,0.5436812633363418,0.568676405828878,0.6962078296936707,0.6564789440915191,0.6650769678501617,0.6268323929482201,0.6962069017764011,0.6065556699730479,0.6765256406661982,0.5172641059769908,0.5844871407556675,0.7355363923739794,0.6520330853547261,0.6630649444895867,0.6086353135343596,0.26427477013392875,0.5979464111755084,0.5895032836025081,0.6565169100492653,0.5847203108505439,0.559047326537651,0.6065947722164419,0.5162723336199817,0.4035711022396782,0.3434759509840559,0.18330813382017297,0.6685608592782569,0.5994215771249432,0.3281024382887524,0.6596850316818524,0.6150752128100744,0.5699038559194768,0.4933584537307012,0.6105642457141438,0.5091084387677979,0.660157568240958,0.34682853374512157,0.6287773910136177,0.45952723217141345,0.48396980624464014,0.4167226703688718,0.6536981289943171,0.5556779527233416,0.5894186050246297,0.5884036304250478,0.5596822151726831,0.5763110165547992
MH0033,0.5584138389808156,0.5492108701056112,0.632282629595078,0.6047550079968773,0.6849957951228349,0.5890049953550236,0.6518079283456883,0.6236861732011796,0.5575056992522044,0.6338861685851382,0.6058023071895197,0.595844418067976,0.5055736709909716,0.6479117211092005,0.507663767586843,0.5926801281208577,0.561453597604797,1.0,0.5767167994612046,0.7166987157527347,0.6519361974522464,0.6213787356991257,0.6548347825253236,0.6388276592686807,0.643696874834436,0.665997269943096,0.695746177853568,0.6947426224809468,0.7259625685453236,0.5774169948405049,0.5405455294713313,0.54141518327665,0.6548391090916139,0.5813232622054015,0.6468246178221169,0.6073413488149717,0.5948535261417937,0.5449455854582318,0.5544178156441657,0.5771134538165176,0.5739245327326672,0.5885956059747467,0.6141360789948276,0.6359857165292776,0.6661483372777895,0.5483270358497782,0.5010932518261487,0.6069908373895156,0.6513467516194335,0.6033287277934741,0.6687912662706722,0.6721091156143763,0.5673955469773531,0.6311171217720632,0.6357095236860903,0.625043882151586,0.6001799685208817,0.5314597123301579,0.4320615015003354,0.6687169590808849,0.6357876634668506,0.6694463717428351,0.576390826151488,0.5841553520599027,0.622783111291874,0.6596229648964127,0.6839403007497739,0.6289992673202863,0.5398717705179876,0.6288906055727486,0.6399828467423255,0.6291444818500465,0.48031574010281974,0.5049043176614876,0.5860570684214012,0.5806524227576116,0.6057004340739682,0.478743445147221,0.25519228191395216,0.6041243861711615,0.6220285129656904,0.6556008959841225,0.6411409969401445,0.4761545780581735,0.46159070132785684,0.5375568723219434,0.4432017319093343,0.338032810630694,0.18453954402490202,0.6895922193988859,0.6190223794391286,0.3106029796678602,0.5289535619783361,0.6474333687856563,0.6213939962042118,0.48981071162262635,0.5841466838778754,0.5456100783630781,0.6755325617057398,0.40225725210969454,0.5795080331695578,0.5388778517257612,0.41828600225114965,0.5062189987116035,0.5667969881162237,0.5149797075789999,0.6079065156360343,0.5342399080005417,0.5678255331424108,0.5905975371274759
