Sample,MH0002,MH0003,MH0006,MH0009,MH0011,MH0012,MH0014,MH0016,MH0020,MH0021,MH0024,MH0025,MH0026,MH0028,MH0030,MH0031,MH0032,MH0033,MH0034,MH0035,MH0036,MH0037,MH0038,MH0039,MH0040,MH0041,MH0042,MH0043,MH0044,MH0045,MH0046,MH0047,MH0048,MH0049,MH0050,MH0051,MH0052,MH0053,MH0054,MH0055,MH0056,MH0057,MH0058,MH0059,MH0060,MH0061,MH0062,MH0063,MH0064,MH0065,MH0066,MH0067,MH0068,MH0069,MH0070,MH0071,MH0072,MH0073,MH0074,MH0075,MH0076,MH0077,MH0078,MH0079,MH0080,MH0081,MH0082,MH0083,MH0084,MH0085,MH0086,O2_UC_1,O2_UC_11,O2_UC_12,O2_UC_13,O2_UC_14,O2_UC_16,O2_UC_17,O2_UC_18,O2_UC_19,O2_UC_20,O2_UC_21,O2_UC_22,O2_UC_23,O2_UC_24,O2_UC_4,V1_CD_1,V1_CD_11,V1_CD_12,V1_CD_13,V1_CD_14,V1_CD_15,V1_CD_2,V1_CD_3,V1_CD_4,V1_CD_6,V1_CD_8,V1_CD_9,V1_UC_10,V1_UC_13,V1_UC_14,V1_UC_15,V1_UC_17,V1_UC_18,V1_UC_19,V1_UC_21,V1_UC_6,V1_UC_7,V1_UC_8,V1_UC_9
MH0002,1.0,0.2889736684619988,0.3945649791803638,0.3592664172046548,0.4124707786369358,0.3400192492781521,0.3755484191958026,0.38827433628318586,0.3476122254059216,0.3809119229679977,0.3117868759357737,0.38138464211257816,0.3340807174887892,0.40285623898404666,0.2751793400286944,0.3299215438723059,0.367462018827477,0.36479731148918293,0.332611100866679,0.38100292981189754,0.36043465605898906,0.34556844320462,0.3508614501076812,0.4324750157558297,0.3648058703325283,0.4077331036671048,0.3970481902088384,0.3874389006732454,0.3905213729002275,0.3661095305832148,0.37879674211402603,0.33019454136991544,0.39245843514925016,0.3235893585067582,0.4064231852457527,0.31575790894097655,0.32451515290449773,0.28705608730655696,0.30307011141925755,0.3811334419699439,0.4000593119810202,0.3826460005535566,0.4457052381580684,0.40219154065307916,0.341717879091039,0.28226724334167996,0.3291290548617122,0.3697612973760933,0.3714659922319574,0.35529654638510166,0.39620042745191164,0.3973938176652133,0.3565956261317732,0.4136041999543483,0.36531107364612037,0.39678858162355035,0.3262794816817377,0.3250487515772569,0.26741744607749574,0.3959103015723,0.3914913510986442,0.3640483383685801,0.27086269744835967,0.2844090202177294,0.38806765215075245,0.4006321968841725,0.41296477703479706,0.4003982260838085,0.3776143211627082,0.4102890555005423,0.36827542590616225,0.3755630133356884,0.27025283797729616,0.3438687908426943,0.34385423615743826,0.36819356563586136,0.32537172527731884,0.3257623744457515,0.17970235059576245,0.3805020632737276,0.3665961556148257,0.36177742823436887,0.3785899653979239,0.33814268632921485,0.30667316554413326,0.3254568106312292,0.3002727390796138,0.2497175528090657,0.13167181296868102,0.36662590619268054,0.38999570631172176,0.23085381011568984,0.33953937387946487,0.35762488858707187,0.36637616451294386,0.3401722168526492,0.37333220382057686,0.32326086066412807,0.3494350282485875,0.2694870086608927,0.3711472602739726,0.3234483663561213,0.33581323755772186,0.32419640284808826,0.39396993365247335,0.29966810744056804,0.3759853192642949,0.3784291787872007,0.3641797031688728,0.3830974524868581
MH0003,0.2889736684619988,1.0,0.3034988093057337,0.2933572206414444,0.3279356811233156,0.31765228383041233,0.3042515838485612,0.3106142658208263,0.29656206924511475,0.32949466478759815,0.2669938756895278,0.28563166455810596,0.2696433871856846,0.2928786359077231,0.24722279155564664,0.27027233489935454,0.29180161548366956,0.34626954358079254,0.250105230934068,0.35719628964691796,0.2905660377358491,0.3137188971082717,0.3281311269704337,0.3227389316382291,0.3556209871999345,0.334585457472498,0.30995491304658984,0.32609887957376793,0.30707330811941735,0.3042196007259528,0.27925482467556617,0.24246833949500513,0.2912159238424924,0.2616005678289415,0.30185212957408514,0.28558000427259134,0.2757785331926699,0.2664642690331621,0.2573169225702877,0.295166836715414,0.3071377840909091,0.2961041954817888,0.3268018833755886,0.32846579719838,0.2743892703177391,0.263684939639818,0.27656255539405117,0.2842500854116843,0.3228294573643411,0.2875602277704774,0.3020379314406879,0.31424268327431104,0.3284592145015106,0.3051337943475646,0.3269078900136406,0.3067352108478617,0.3054542507496556,0.33088515503204574,0.23546428716945766,0.31835205992509363,0.34848362963558843,0.3241108199176338,0.2576209897826178,0.23501738596850075,0.30062374693695704,0.3142500850243737,0.31818992898183507,0.32599808978032474,0.27364420406373335,0.31523437499999996,0.3846375870404445,0.3001042675206673,0.26305609284332687,0.27321357574005134,0.29807414887478356,0.2877638707266953,0.24584262628634035,0.2525191302371391,0.17094976546526075,0.29113286310637687,0.32149200710479575,0.3404328804973521,0.32600282801220515,0.2819667628073067,0.2511664659843468,0.354093134464306,0.2292053100563739,0.32953607396400864,0.1885656565656566,0.3393573529973637,0.336996336996337,0.186434544869733,0.2741460769886144,0.33039336087231586,0.33277159869677564,0.2561677480846072,0.2964422629070975,0.23973473525066147,0.3580972546728972,0.21747476183705394,0.3029486712777576,0.27870700996053377,0.2608095820399461,0.29657959301486503,0.29296109711726837,0.3542284598133546,0.33777389531921087,0.2556035892033276,0.2985526180080448,0.2842404356797348
MH0006,0.3945649791803638,0.3034988093057337,1.0,0.41890881913303435,0.4137481532979925,0.3679080039600945,0.41018874675731287,0.38009189714588676,0.3113991953509164,0.36440411481963975,0.33405421717044714,0.3688412124235998,0.351671205743996,0.3531664212076583,0.3877316549278186,0.4066721808657292,0.4022004327210791,0.37729508196721306,0.3918687126234296,0.41610540495032833,0.3805330682194764,0.32305202312138726,0.3785871964679912,0.42786544130397086,0.3620289337381676,0.4278169795411175,0.414005578916691,0.3836910251862362,0.4304683380470735,0.39474490913072036,0.4224670787422736,0.32324571428571425,0.39950843999258023,0.33447151947850384,0.433397381473703,0.31859895257771587,0.36658013389807353,0.38766131278432825,0.30509426018618147,0.41163081317504235,0.4028085735402809,0.3775532810492268,0.41989388812298956,0.4299658791517298,0.37192522138406037,0.27852246430598615,0.31210917528611315,0.43022242604907135,0.3923580399787724,0.38340540998897654,0.4035878564857406,0.39570581033995667,0.35298840321141833,0.44396435322711314,0.4304768256085362,0.37230261487687233,0.3263511998205876,0.40338969751657583,0.22850548182342756,0.405494689303337,0.3855437903804738,0.414516059309212,0.34828404707744043,0.30898636126027657,0.37135840108401086,0.4379558777464536,0.43092009180054247,0.42407284032866976,0.3966608846487424,0.3912556053811659,0.3668808813403718,0.4111164560283378,0.2738604728466365,0.37629366789169094,0.3963654635290177,0.3881521549467807,0.38319041076420146,0.36591827570722946,0.14708930730696146,0.41194714704507795,0.3716026867132245,0.37642293753997014,0.3711554447215295,0.3255511826067021,0.35263181155256995,0.31893316298011654,0.27192552670259673,0.2580677523994248,0.13277481594313278,0.40205917978889083,0.39141634467572395,0.20035746201966043,0.39634484031751893,0.36866911977508576,0.3636890471065486,0.33781782798155435,0.4058177550507167,0.31004623462111125,0.36601178005297075,0.23048471870741682,0.43041470677081084,0.3026780153622587,0.3267641449459632,0.2994652406417112,0.37516030779095866,0.33096167087445494,0.3740885469121379,0.3653007100692959,0.3588394584139265,0.3905358056769419
MH0009,0.3592664172046548,0.2933572206414444,0.41890881913303435,1.0,0.3837109262976771,0.382192137464202,0.40508554521675744,0.3277187244480785,0.2846638655462185,0.357845453373996,0.29798971482000935,0.36382146279144045,0.2971498704486567,0.33743142044771934,0.3527245606675057,0.42052448488092053,0.3980329893269825,0.37271509612354237,0.36627043090638933,0.3973799126637555,0.35285479061902003,0.31509384086703673,0.35957785409163245,0.38150289017341044,0.3360410791699987,0.3850107776488144,0.4155541257841403,0.37346541359749386,0.4034137090219453,0.3542340277493554,0.3747604366302808,0.2980004300150505,0.3729243139311309,0.2962359146487653,0.40406253950861815,0.30028559771521823,0.3811776147113429,0.36669739672505375,0.29807992159308594,0.3710424227255663,0.3856360078277886,0.35132084935629493,0.3875452969907043,0.4036944705545793,0.3719937064508878,0.2500409567496723,0.2850298956437777,0.40941493523428674,0.361472852090701,0.38372283052786405,0.35470796535688387,0.34090316977854973,0.3234270863897388,0.39763432741915183,0.38620770310307184,0.33613745486290225,0.30186765824389417,0.37323290415940036,0.20598907286149226,0.3932197969137283,0.34517128737750236,0.4087609408055751,0.3237971391417426,0.3039184597961495,0.32559331388472756,0.40157910209567005,0.43559595959595965,0.39508189853797493,0.37666186458118955,0.3539236256819136,0.3493923135880872,0.41852588798103385,0.2733333333333333,0.3527458901643934,0.41079295154185025,0.3932153392330383,0.3681276691391324,0.34646138142225247,0.13575455511071166,0.38686836176375927,0.34358243967828417,0.3560535577039764,0.3361308454992583,0.30270838620789675,0.3600837106004954,0.30524030771574373,0.2548328361678224,0.2473197663221416,0.1335896398219344,0.37798435644375283,0.35184896847022185,0.20836737326396348,0.39543642002658397,0.35027915388849573,0.32764982328038217,0.3060291721314733,0.3718985444361169,0.27618697092381306,0.3576711549402617,0.2162642571470893,0.38989490703314467,0.26059059987631417,0.2983906046107003,0.2881925013989928,0.36162389888931445,0.33862099710231075,0.34900583902606575,0.33133908853643845,0.33807999411266876,0.350822094956586
MH0011,0.4124707786369358,0.3279356811233156,0.4137481532979925,0.3837109262976771,1.0,0.40352402022756007,0.41768750853864023,0.4285251065406708,0.3273094211540226,0.4200776956604131,0.3490473485826405,0.4003875134553283,0.33268925881886646,0.4059318282425852,0.3124520705521472,0.36801593769808927,0.3858565369721556,0.40461889857034095,0.3203494072555486,0.41153241900556237,0.3845672475209396,0.3514562176662196,0.3844253828535501,0.43575714789975295,0.37457766414026117,0.4313063063063063,0.4079869122026931,0.3963829208593962,0.3937514792899408,0.3713700183134211,0.37194855192930265,0.3051110907927219,0.418413031053534,0.3279648609077599,0.41119871709207534,0.34283302715853237,0.341063502128816,0.3330470939166591,0.3145165145069547,0.3853353442157559,0.4219059249589422,0.3823979821637691,0.4328370942285543,0.4271378708551483,0.38807189542483655,0.2650665732305536,0.33770239013107173,0.3861600108054568,0.4170579386424762,0.39449660364297146,0.4081451348950297,0.40124580737901294,0.367877541695225,0.41947045383271364,0.40254692797486147,0.42125110913930786,0.339501354515818,0.3587232081124683,0.24311884797666783,0.4263689070216877,0.40942297022378393,0.4041702867072111,0.299995161368365,0.3124637400889576,0.3810551765823331,0.4321945936188456,0.44469545202676786,0.4141211146838156,0.37737074564822026,0.4169982418802628,0.38292043364251893,0.3929804624327986,0.2667978398291958,0.3471890828414752,0.39011939416951436,0.37758099162684666,0.3489951749660374,0.31966240274297775,0.16279276476601034,0.3927889713679745,0.35788534463528887,0.3884002438387181,0.3728149614590792,0.3298561290572769,0.3417429155192325,0.32548127690683126,0.2658050707935463,0.2675634258470969,0.15690661051892796,0.41909743771610963,0.43965892282258767,0.1959871661620498,0.37995100984424823,0.401045236463331,0.39425095317654113,0.3208680570244088,0.4018272565772777,0.3569228241672485,0.41102115003304696,0.25163438013877193,0.4040300107181136,0.31036379018612525,0.33232964118005526,0.3325636039539783,0.41862216087338433,0.3262386736070947,0.4053862508858965,0.33780399813250706,0.41435204040074936,0.38555842094822457
MH0012,0.3400192492781521,0.31765228383041233,0.3679080039600945,0.382192137464202,0.40352402022756007,1.0,0.37252485089463216,0.3733648984832678,0.3109209619205969,0.36008968609865466,0.3230679576833423,0.3468851967145482,0.2938738892686261,0.36237838675917666,0.30142953814921336,0.35197553713687935,0.35947978053241214,0.3880523421202352,0.29182970730943814,0.37850449704587363,0.3507688429543736,0.3150645027049521,0.34276519759821045,0.36168277430358153,0.3475759404546369,0.41364476963898045,0.4039360206679078,0.37417617746343035,0.35721372467961965,0.3406318543887328,0.3477620044992631,0.2743306332548582,0.35610613680035974,0.2745306411618845,0.3756472618860819,0.2995985993680075,0.3288228424147235,0.3365986505162182,0.31302869287991497,0.35824701820464533,0.3573724974426421,0.3525419692820574,0.37823332090942974,0.38891881492881875,0.3560383225481133,0.2664626010517228,0.326558166690994,0.34223548817846206,0.3752194032232328,0.34137982978082393,0.3634476864851667,0.35610688609067864,0.35949738903394257,0.3792127098981478,0.3689231333700238,0.3622135056145208,0.29041334760036464,0.3341938592867961,0.24896147267247704,0.3990673139405986,0.3395159376730207,0.36461597248758115,0.26791551420668847,0.26063083147551813,0.3192124105011933,0.38978356348672494,0.4234660761330228,0.39519980894761986,0.31992049801245026,0.3552872738863655,0.39487050178307703,0.41032,0.2785166046052132,0.32367059874223203,0.38383030579991617,0.3544471247373745,0.31335183220435814,0.2899725858141241,0.1551872410288484,0.3711484593837535,0.34316801016558784,0.36858850003879884,0.356814239384569,0.2933685728015377,0.3287454516690397,0.3110124463206929,0.2687005313812195,0.2589515454009982,0.14517680557158796,0.3714020067407895,0.3725121336393393,0.22327391927883633,0.324067067585328,0.3796873208210695,0.35866606170598914,0.3295432720009219,0.355171390414008,0.30266075388026603,0.3992993440667859,0.2220063581773225,0.37173549954448826,0.31354636495680754,0.3014569026378281,0.31153526370964824,0.3696210897341754,0.2864390044601818,0.3830524903071876,0.31857671677872634,0.3691583749416286,0.3632352417891328
MH0014,0.3755484191958026,0.3042515838485612,0.41018874675731287,0.40508554521675744,0.41768750853864023,0.37252485089463216,1.0,0.36775021778001926,0.30348142617136453,0.38483602638875614,0.33326256568122714,0.3870087576464375,0.3469281589762264,0.3613545816733068,0.32078117175763643,0.3482435489082768,0.3746688115064345,0.40053061934585943,0.35500213058093844,0.3891235025424459,0.3617230044645048,0.36500928202297933,0.3932626267345699,0.4097371244635193,0.36910699162510585,0.4030095759233926,0.4211881793181719,0.39018473595820113,0.41550102045895765,0.38180827886710245,0.36780676850975624,0.33564500484966053,0.39944555225913136,0.30968746643754697,0.3988689743238929,0.3233216445596382,0.3765039946096833,0.33177504557991677,0.3117789770758034,0.36543934944657785,0.384397582724084,0.376919152094253,0.37661075668596056,0.3942739027179172,0.3906016162825501,0.2804648385466906,0.3175296833773087,0.37397923875432526,0.3928687196110211,0.3844721323105573,0.43140243902439024,0.3558532603476424,0.3582327808817315,0.3950432014552069,0.39216681470202597,0.38449868368212037,0.34194101672304544,0.3585547122074636,0.2645968712394705,0.4134117440533661,0.39882308276385725,0.3876728110599078,0.2908056304282719,0.3322460628917996,0.3630004399472063,0.4246835736473643,0.3921012529630884,0.4068465491923642,0.35883183342156344,0.3990175703759683,0.3738343938848201,0.415863840719332,0.28981481481481486,0.3310562718811374,0.3850923597259561,0.37155611669747934,0.3405045583908157,0.32720369607977673,0.17638531681084868,0.39065845239655694,0.36648558295027167,0.39433757789217017,0.3852462611288978,0.297800998128509,0.33851301796846356,0.3018192295027988,0.30200901650107237,0.26687889176519974,0.1457025427939117,0.41342997811816196,0.39336431146045947,0.21865875257287826,0.3752979311659834,0.3742142454588806,0.3676336672303889,0.33296572411663505,0.3978424463874026,0.31200589849670257,0.37675983221894593,0.2506211694550273,0.37233030696065716,0.30730643402399127,0.30070860760404305,0.32361975923619757,0.3779415459341764,0.319254020308981,0.3512932815469796,0.3459638288486987,0.3701596846938361,0.36521354103771686
MH0016,0.38827433628318586,0.3106142658208263,0.38009189714588676,0.3277187244480785,0.4285251065406708,0.3733648984832678,0.36775021778001926,1.0,0.34130835678928473,0.37238573821488397,0.3680092567083586,0.3571956361107489,0.3483619509111977,0.4051573023341637,0.2759379738785892,0.3017152118129024,0.3505023945910414,0.38038587991001904,0.31937587331159756,0.3696351241263989,0.370322323121445,0.3557324199073141,0.36608836456164695,0.38688626476072097,0.34536708387819914,0.40093775857313596,0.36512100186156715,0.3647842375468294,0.36455757575757575,0.37781027234509235,0.37365198318406145,0.29775682240320045,0.3636233063628094,0.30841070749850685,0.36384449631890825,0.3070206609472562,0.31988996643043643,0.29732216803165545,0.3111489191353083,0.35826110632118713,0.3788168344162738,0.3858085808580858,0.4080582566607073,0.3891911016761753,0.33623988761323453,0.27986823180067744,0.34789086110756395,0.34028724661394416,0.3960256830857196,0.3332183957588035,0.372695660458248,0.3808182626741773,0.39149659863945574,0.3981042654028436,0.3681848683106861,0.36598373405626416,0.3280289675544332,0.3205441227764213,0.27128596594245447,0.38048274072151567,0.3787499409458118,0.3409257898603968,0.27413165894254243,0.2947953714371587,0.3785374180217411,0.37848731884057973,0.4087215835422249,0.3872721458266709,0.35932278903987525,0.38588035157357525,0.354882369332431,0.3540771581698189,0.25857198731041675,0.31802663024923183,0.3459919200510313,0.345106268976603,0.31255369928400956,0.3039451582149181,0.18625065598015367,0.3675035774684532,0.3666338351859669,0.365064488775829,0.3874700718276137,0.3253263707571802,0.2787632149334277,0.31701269227536355,0.28748142320132875,0.26395974807360756,0.16217093066370036,0.382472092185812,0.43121454938327186,0.21738499492091135,0.3098055402678408,0.35043212796147394,0.37252921022577523,0.3518702565955909,0.3717744367380347,0.34986389928547124,0.3674726372300138,0.2529534981147884,0.3715656345399041,0.2992163901414,0.33959515984463695,0.32026744671959884,0.38226818104763516,0.2887236196557901,0.39214844085559664,0.3434541009113137,0.35686163088038314,0.3794461538461539
MH0020,0.3476122254059216,0.29656206924511475,0.3113991953509164,0.2846638655462185,0.3273094211540226,0.3109209619205969,0.30348142617136453,0.34130835678928473,1.0,0.3580340839926963,0.2689987269607572,0.29964986925497494,0.28234402900275957,0.3419160832589391,0.2392006149116065,0.2641085634066448,0.2966163054496307,0.32914027550161673,0.2707862466939168,0.3465555107346152,0.30483385227910775,0.28873203153176363,0.29013729335948446,0.3220980533525595,0.3138336832853167,0.36630964903892127,0.3344319929685783,0.34563267693507504,0.3642649199417758,0.31381667674278013,0.29578501748573527,0.28702716425488706,0.3335172828977073,0.30097884063067815,0.31931254921943764,0.2695522546983975,0.2780950537218082,0.2610905951752913,0.27117225506094056,0.3013463324048282,0.32051669762820234,0.33586005830903787,0.3447497676888358,0.34736553739384535,0.28459960986345223,0.26659433869217875,0.32832024277043914,0.28693380603629237,0.3322822607615499,0.29625826040364356,0.317925867894041,0.3508999429430987,0.36505667313387113,0.33277185102002615,0.309157540375847,0.30972928779069764,0.30412733480618603,0.2975599919338576,0.29645183869057234,0.3364057351500579,0.33341478911099165,0.3293773963848823,0.22202715960138375,0.23769898697539793,0.3109289617486338,0.32147818838566267,0.3411692737918378,0.3353192287845381,0.3216150043885989,0.37189875950380147,0.3122754001960144,0.31417308397506416,0.26786299957831605,0.2889926617745163,0.2911205624511761,0.31635651322233105,0.26855981762315395,0.2948247562035339,0.20755113845506656,0.3113412097880437,0.34490420699190205,0.34234908750584936,0.3739715781600599,0.27456445993031364,0.2655451946956563,0.2976547346147064,0.3117204608207179,0.28515846334000683,0.1840384222358471,0.3058967502152926,0.319793368360634,0.2599371818477202,0.2828681424446583,0.3279625545704127,0.35104276966990466,0.31057382032455694,0.30671205376625643,0.2714991903179068,0.31781031840626595,0.25485012769389315,0.32572120777064917,0.304942215540731,0.29028337005241966,0.2918987121475809,0.3409150440932507,0.2780008193363376,0.32431963192846913,0.319480035409775,0.3149268048546524,0.2815820304609542
MH0021,0.3809119229679977,0.32949466478759815,0.36440411481963975,0.357845453373996,0.4200776956604131,0.36008968609865466,0.38483602638875614,0.37238573821488397,0.3580340839926963,1.0,0.33735141469948104,0.37923045473129513,0.33925284244721166,0.3824559764584987,0.2930680885972108,0.32534845263406564,0.36512208249743117,0.38371367445177396,0.3423432230314287,0.39873987398739874,0.35575942915392456,0.3411934304690316,0.3624221683540092,0.4124895378034037,0.3742008458739058,0.43205339007640975,0.3979432845123091,0.39319066147859927,0.386954090192689,0.3608400706254066,0.35598179453836154,0.2970701012683119,0.41630769230769227,0.3607239076959119,0.39619696324677167,0.3717955785875737,0.34977622583976786,0.3132807995387277,0.3280570260495833,0.34880051969746184,0.37980265455815576,0.3784789331271743,0.4009272054562475,0.4063996316758748,0.3648669356898401,0.25988966947993775,0.3547677691766362,0.3571496301915418,0.4174467042391571,0.37623581105822046,0.4185019790926622,0.44547638110488386,0.3627576054955839,0.3818105223740873,0.40179201977401124,0.38053424530917834,0.31981431712680186,0.3387350344660781,0.23724137931034484,0.4217683959888273,0.41345577959672586,0.392088987353457,0.30240404892450445,0.30950259447560147,0.35248503537094145,0.43970595394576695,0.408013844515442,0.377696833847016,0.3545645618203418,0.41050545094152624,0.3702342104176133,0.3752604046108976,0.26182242780796694,0.3015955601803677,0.3472933350838038,0.36669780476412894,0.3087317576531866,0.30147161878065876,0.16081447088411682,0.3565078943876874,0.351012996941896,0.3986635923015388,0.37302590018951354,0.3134657836644592,0.29687861271676297,0.31309518679708703,0.2761560435636493,0.24911818149428155,0.14570319893999617,0.37908889299574944,0.3969107086400795,0.2097063215530115,0.343113482056256,0.36048997772828506,0.3653439985619916,0.31361026985490215,0.3605182257356171,0.30473735367451293,0.39569883091956026,0.24668412241919557,0.35817051509769093,0.29257132603624614,0.2903641993512238,0.3242835595776772,0.3705110497237569,0.28736320792395553,0.40581970500423337,0.35842857803896166,0.38893627910944295,0.36074766355140186
MH0024,0.3117868759357737,0.2669938756895278,0.33405421717044714,0.29798971482000935,0.3490473485826405,0.3230679576833423,0.33326256568122714,0.3680092567083586,0.2689987269607572,0.33735141469948104,1.0,0.32903904957641983,0.36229048457575164,0.3326260221509161,0.31164845955566467,0.3111761200498402,0.3246130968772374,0.36339482654902744,0.3020345150796714,0.34972244250594764,0.36550234065538356,0.34950158035497203,0.3274847544666738,0.33606970185334406,0.3525878522510385,0.33623774700482345,0.3596841845546509,0.3651929747288444,0.33508062218677004,0.3233458177278402,0.3305863209280353,0.23463350498520874,0.33757244949637044,0.3244738999726702,0.3586513523527233,0.33225663436569763,0.320555151379484,0.3391879562043796,0.37167294312886956,0.3515541264737406,0.33181381957773515,0.29640718562874246,0.32159286946520993,0.33541739608863097,0.35313258001538184,0.25317773394696474,0.25606971433897197,0.3243358811267304,0.35124211887697365,0.3377551020408164,0.35201076897189976,0.35130576397371027,0.32983158245789557,0.36116854885743066,0.33660568911023847,0.34449266377350696,0.2817930271167681,0.27223883183846787,0.23164234422052354,0.3536700671808908,0.36791503633314704,0.3448328733517326,0.30081706480384207,0.288152120916626,0.3344806328983869,0.363275039745628,0.33481736799272344,0.34328201905958744,0.297294579100875,0.3341282315321663,0.3200090029259509,0.31839502396247576,0.23909044455799688,0.2697457791577722,0.31872919522224397,0.29183611224074824,0.3022059663961596,0.24584889995848902,0.12851383133609584,0.3068303614927409,0.3195397331316514,0.31385193459937033,0.2891507832581599,0.25246888977458926,0.2781680840948708,0.29612501217018794,0.20738788854730883,0.1892169937130882,0.11614777461083092,0.36445214105793455,0.3508080606544294,0.17019450800915337,0.3015500491212749,0.3102483557475213,0.3244322435737459,0.2560027896781907,0.33249840381120765,0.2402937127122533,0.3296329538476074,0.17141661630015348,0.3251065516899594,0.26930703136915957,0.23082088962629377,0.2556988041853513,0.314985862393968,0.25948440342547807,0.3184825550954353,0.26263426223828146,0.2911159068429098,0.3026357287677405
MH0025,0.38138464211257816,0.28563166455810596,0.3688412124235998,0.36382146279144045,0.4003875134553283,0.3468851967145482,0.3870087576464375,0.3571956361107489,0.29964986925497494,0.37923045473129513,0.32903904957641983,1.0,0.310204081632653,0.36576454093554833,0.2958002799813346,0.3352533054064668,0.35541310541310545,0.3755066945092741,0.31360791351162076,0.3614428565645116,0.36013251831459103,0.3287028433376695,0.3585636561479869,0.4102882597335846,0.36441739752998026,0.374108096560564,0.39934877586349027,0.3832815964523282,0.36373611301604714,0.3547659574468085,0.3473389355742297,0.303274627269042,0.38596894238720936,0.293952321204517,0.41628019963782514,0.33938772520873006,0.3286378737541529,0.32451241134751774,0.3205947814556992,0.36350698637226153,0.37195195436468087,0.35080627635067585,0.38355662336604635,0.4088200238379023,0.3536675608176857,0.2553072865291418,0.32608349900596423,0.3746362113061117,0.36543884767235024,0.35088009939946163,0.40045913682277323,0.3622362190244127,0.33747959948833306,0.3816129588144064,0.3729790299343685,0.4041143352100477,0.3182446595014048,0.3249962946494739,0.23218421521468025,0.4021784492112511,0.36214808931250553,0.3701671344196372,0.28655053580701506,0.3002597402597402,0.35688838593402905,0.3891796047225706,0.4147166852379184,0.3855098776639433,0.35717898996711916,0.3854366763457673,0.36506420055029043,0.3696233705575135,0.259493670886076,0.3221157749451977,0.3685290857588571,0.3623709794852028,0.31012345679012343,0.30929211160868064,0.15620781256804428,0.3800681289464939,0.3305849341679258,0.3597943791345384,0.3548890714872638,0.3128028467595396,0.30833048238111527,0.3001811166233561,0.2839648703253206,0.2360481167422599,0.1362092391304348,0.3777002891648239,0.3628332994097293,0.2137594358812096,0.3268403965955954,0.3461882678382556,0.33306347150259064,0.30216271884655,0.3715688279811823,0.30803850970569824,0.35962530011414173,0.2349216276433569,0.36870585319509275,0.2895440154598906,0.31625249728365634,0.3147518963337548,0.3711076468001758,0.29749692244562986,0.3524651937646266,0.3243950022830102,0.3456217666219582,0.35221354166666663
MH0026,0.3340807174887892,0.2696433871856846,0.351671205743996,0.2971498704486567,0.33268925881886646,0.2938738892686261,0.3469281589762264,0.3483619509111977,0.28234402900275957,0.33925284244721166,0.36229048457575164,0.310204081632653,1.0,0.3313086692435119,0.30419930502385295,0.3174552935591074,0.34563885726676424,0.3184839485221327,0.2954581673306773,0.31548290116497557,0.3316727993206906,0.35316291671574984,0.3155107706544651,0.3488636363636364,0.35029322328410073,0.348922326148841,0.3238304435201197,0.329450915141431,0.34631215930581827,0.33734693877551025,0.34332733350475697,0.23543753643928556,0.3390440855521606,0.3399587848168584,0.34903061224489795,0.28299111607930816,0.2791454516823264,0.32822253860475303,0.3300274823754331,0.31160115052732507,0.30755832607599576,0.3196287847366238,0.33642877345149425,0.33828615969211284,0.3607274401473296,0.25644295658642857,0.27787251693782555,0.33338552267626953,0.3118972693127601,0.327105560745366,0.3592503551524423,0.35170899262345856,0.3563818101933216,0.34744726383368996,0.3094270714448756,0.3365921787709497,0.28167505622791045,0.27562121661093,0.2559120177787908,0.3557892696166336,0.36181690672708633,0.3087702343561247,0.27478486384533773,0.25088500628068977,0.3355801877371679,0.34611867506604344,0.32343432477369294,0.32401422916979805,0.3251209415989228,0.33396385035729304,0.32412336662413654,0.3255848680935789,0.26139342609397054,0.2918444646881143,0.27406896551724136,0.307942057942058,0.29446672894115056,0.2664554374488961,0.1357468519322622,0.31691720353137676,0.342032381763954,0.3275046081801425,0.31987068133564944,0.2759771629336847,0.28401727861771053,0.27850109664473377,0.2356530582594799,0.2038619339782437,0.09912111914296118,0.36855288043756074,0.3423132530120482,0.19595470167333373,0.30273044766641977,0.27997576774313804,0.3226931460402035,0.2659553736724155,0.3605909888823874,0.27134690144065854,0.31713426853707416,0.1874885677702579,0.30434782608695654,0.2837548007381915,0.24722656249999997,0.2835460663727083,0.317952017648681,0.24821268033734323,0.30288747540383476,0.30368569869537176,0.33193315266486,0.3047912087912088
MH0028,0.40285623898404666,0.2928786359077231,0.3531664212076583,0.33743142044771934,0.4059318282425852,0.36237838675917666,0.3613545816733068,0.4051573023341637,0.3419160832589391,0.3824559764584987,0.3326260221509161,0.36576454093554833,0.3313086692435119,1.0,0.25721601489757917,0.29564009032482197,0.33513246075653313,0.3926359548655298,0.3148714260025175,0.38024442484565957,0.3700646780577276,0.34833365626816504,0.35491478663284826,0.40519049283467323,0.34716998232655094,0.39983949351286285,0.39476338572749436,0.37631733683115476,0.3657722851369767,0.3896690518783542,0.35701458543208797,0.3190672410563776,0.3853003533568905,0.33543290274367465,0.36731752063949674,0.322555048601468,0.31435765996672516,0.2867686052678098,0.3176099101287345,0.33666926609479253,0.35525247605130705,0.3670965996211779,0.4075266994405832,0.3868062108604272,0.339080189787194,0.29114956064860953,0.3392101261661119,0.33687958851716715,0.37642312864186467,0.34679294744408273,0.38277689946991533,0.40235134084726,0.3676661114195817,0.382102335437729,0.3686959360208911,0.38367061497443067,0.3037670922756497,0.32136384231989124,0.2624243277488385,0.3972340425531915,0.3845198675496688,0.35571210320828384,0.2548675920223601,0.29512796942280706,0.38095238095238093,0.39536332487874337,0.41878677560005084,0.37622063869094746,0.3747539692953681,0.4042523559723318,0.36625498319393424,0.3707072905331883,0.26238857673947025,0.3033233618817358,0.3366710439921208,0.3553062382677784,0.2985013250479759,0.2999605315090119,0.2063625730994152,0.39276519052523173,0.35486342738664023,0.37920770409279925,0.39430401662049863,0.3222737728566416,0.2833419377043538,0.32253700135295804,0.30084364695302124,0.2607014542343884,0.1606911639951779,0.38248404859715057,0.41435365326415907,0.22295143446465404,0.30552234179177185,0.34964305097482573,0.39038727524204697,0.34987527898122617,0.37640732649974795,0.35004753834070523,0.3633061586891597,0.31276613864758984,0.345987525987526,0.3064213132951925,0.3313309690960411,0.3320360507988529,0.39175001037473545,0.3049215543365683,0.3861027944111777,0.35606357500544306,0.3782449945833166,0.38695948930019675
MH0030,0.2751793400286944,0.24722279155564664,0.3877316549278186,0.3527245606675057,0.3124520705521472,0.30142953814921336,0.32078117175763643,0.2759379738785892,0.2392006149116065,0.2930680885972108,0.31164845955566467,0.2958002799813346,0.30419930502385295,0.25721601489757917,1.0,0.39067023542907087,0.3565072898799314,0.3081237644246242,0.3506571087216248,0.3352080989876266,0.31752826253978705,0.28968057617241194,0.2932539682539682,0.3176364584815289,0.3036614213720046,0.32672100559756456,0.33243918231430947,0.3224365482233502,0.3521743893087962,0.29825414579584686,0.34893271814632665,0.25298857233134975,0.3119790301441677,0.3023534607861694,0.3731640146878825,0.2650246864536633,0.3670517051705171,0.4384557241700099,0.3130520117762512,0.3412360688956434,0.29369007803790415,0.28483677614306235,0.30398408176185954,0.35447453849508215,0.318686123408209,0.2046430354468297,0.2205780546902042,0.3935549488785397,0.31150072221945513,0.3311370573131147,0.2995644376120933,0.27973453177257523,0.27492278871955855,0.3424896555162271,0.34745449505682346,0.27793132524476505,0.2630871094558246,0.31351351351351353,0.17056439039600868,0.3207407063628347,0.31258609254629866,0.3468659924764278,0.38036082152443973,0.270468085106383,0.26142943165500954,0.33827687118694505,0.3500277983691623,0.3397391217763617,0.31413027638801183,0.3052822763735432,0.28449615659259886,0.3477310005467469,0.2535017447289527,0.3361262665627436,0.3487849215461156,0.336122244488978,0.37910858716227847,0.3042535618418336,0.09879901457606244,0.32477826004906585,0.29733279450394023,0.31588902900378313,0.2738879736408567,0.2368310861736873,0.3543872718565423,0.25680670753696355,0.18139682828191028,0.18774464971648075,0.09819160824951745,0.32948005072675834,0.2841928759177015,0.16945865876649613,0.3773181169757489,0.28812387667634454,0.26940117845886813,0.23421617084771051,0.3115413047495842,0.18567895023686753,0.2921555702043507,0.15707974279340364,0.36416353978850935,0.24163075903215114,0.2320586893720541,0.24863545595739955,0.27793846962924007,0.2735123523093448,0.26749835850295467,0.26992788005314106,0.2752297481279782,0.285495142321459
MH0031,0.3299215438723059,0.27027233489935454,0.4066721808657292,0.42052448488092053,0.36801593769808927,0.35197553713687935,0.3482435489082768,0.3017152118129024,0.2641085634066448,0.32534845263406564,0.3111761200498402,0.3352533054064668,0.3174552935591074,0.29564009032482197,0.39067023542907087,1.0,0.39976121778927465,0.3470547709266276,0.3543561161630977,0.392698327997154,0.3450436002806455,0.3027900292383171,0.3421407011841189,0.36837400554214716,0.3765447174327162,0.3599544419134396,0.3830921886611006,0.3413988482258964,0.3864873035066505,0.32568580792888246,0.35381502092627515,0.25983059669710884,0.3719280965279488,0.29300941993058993,0.41580625208164823,0.2988315582669838,0.3590574374079528,0.4026046700920791,0.29674508213344153,0.3811027332704995,0.36467663823768914,0.31969356392495074,0.3614514811470828,0.3855709077816284,0.3672279135814991,0.23352855051244514,0.24213685474189672,0.4325276688669413,0.33415683045109346,0.382870961854353,0.3323251417769376,0.31961551465971116,0.2905187505758776,0.40205408461321024,0.3845954132410212,0.3245502133462368,0.2870300396750425,0.3313564718993791,0.19683738494217606,0.3723245614035088,0.3332244059567714,0.3872410331295063,0.35596629518891,0.2866251785349928,0.3016972635954278,0.3836442959249977,0.3845820701602425,0.34653868791596865,0.35299710249909455,0.3234507561785319,0.3231031205449073,0.36304050978607194,0.25530501041066767,0.3397237226600549,0.3843476708905943,0.36776706231454004,0.380225988700565,0.29904295159276895,0.09544468546637741,0.34495061567245355,0.31396313364055295,0.3316444444444444,0.30652238742384863,0.26703722550593023,0.3538844478483557,0.27145518526185053,0.21789455897262588,0.20368286445012784,0.09784024067172559,0.3573942073445818,0.32618500553144414,0.1943741483356044,0.39030459884531155,0.3281843286158095,0.2870171899298113,0.25395874347342295,0.35872214484679665,0.23778644175684283,0.35357352817670273,0.16907537527946348,0.37189015977569095,0.24322820831015446,0.2710617426428159,0.24885071376723933,0.33903980578460513,0.2870392390011891,0.30098637089182667,0.29545653506084213,0.3054240120975765,0.31637944790170736
MH0032,0.367462018827477,0.29180161548366956,0.4022004327210791,0.3980329893269825,0.3858565369721556,0.35947978053241214,0.3746688115064345,0.3505023945910414,0.2966163054496307,0.36512208249743117,0.3246130968772374,0.35541310541310545,0.34563885726676424,0.33513246075653313,0.3565072898799314,0.39976121778927465,1.0,0.3444463637934013,0.39444247608442573,0.40398216135861975,0.37377741171625656,0.3320931654859589,0.3715771395859174,0.42023310023310023,0.3660509771431356,0.4075355450236967,0.3877308183861443,0.35728458049886624,0.42766967499608743,0.3623504313143493,0.4017519506007372,0.31081950977964845,0.4098519159330314,0.3477431659249841,0.4393232205367561,0.35360763267740014,0.38261437252046404,0.35777953847677524,0.2986515476555317,0.3956438487314504,0.35926910869005746,0.3857627118644068,0.4052439133149024,0.4231823461091754,0.3593124080928959,0.2527102803738318,0.28800767242098235,0.4201909284265717,0.40050207589070197,0.39033611508137767,0.34162679425837317,0.3708749621556161,0.34504900304156805,0.40923369823893385,0.38322547018199193,0.34333243655277557,0.3284145504461222,0.3862198168193173,0.20363914227040447,0.38300612951941015,0.3828067955021175,0.40531499721241404,0.3544774080751789,0.28050462229940243,0.3266509956978756,0.41460390136881764,0.4096849940188738,0.3916376634371178,0.40183875530410185,0.3770800173636232,0.3300939812037592,0.41290842699293406,0.2661275831087152,0.33957730812013354,0.40688083845978584,0.41265944645006014,0.37637787163902336,0.3511749347258486,0.1300431600675549,0.3966127860515801,0.3473799230367238,0.3871568171242439,0.35337945715806285,0.2961457998068877,0.3486097794822627,0.30219873870802794,0.25225972664949126,0.2301284519267789,0.1263675134433525,0.38515639459559503,0.36142568694583443,0.23337547408343873,0.3829458907860023,0.3601847328922243,0.3211064862989941,0.31179117911791177,0.36111111111111116,0.24893102057281158,0.3649010848755584,0.22132315948348147,0.3901831036983321,0.2516131826252652,0.30438984499869903,0.2912511522668231,0.36747841772967405,0.3162288739564244,0.3423431068867484,0.3577423222355437,0.3257541922124325,0.3365478515625
MH0033,0.36479731148918293,0.34626954358079254,0.37729508196721306,0.37271509612354237,0.40461889857034095,0.3880523421202352,0.40053061934585943,0.38038587991001904,0.32914027550161673,0.38371367445177396,0.36339482654902744,0.3755066945092741,0.3184839485221327,0.3926359548655298,0.3081237644246242,0.3470547709266276,0.3444463637934013,1.0,0.3205988642230253,0.4329324313037668,0.4049637374022793,0.3633951019648012,0.38718796207706363,0.40604082998661317,0.3825277161862528,0.40333262123477887,0.4495877453647512,0.4459312346911004,0.4130313976104474,0.3722519937550107,0.34844074844074846,0.2912198099223995,0.3914396536171748,0.3250225292880745,0.4013093149629883,0.3417963157392383,0.3515728257996299,0.3311702451983799,0.3323540384256668,0.3797360215283414,0.38166818704636496,0.3638198291038688,0.3953862876927412,0.4016597510373444,0.3731090125607408,0.3133111189056471,0.33528188630389577,0.3507165267531587,0.413202074360552,0.390264267523901,0.40458496599558613,0.3674666185492602,0.3648208469055375,0.4053891701707715,0.3936038870524513,0.3855522537981836,0.3365299628778504,0.352395442906446,0.2508935268940564,0.4157753458600041,0.38865416776692197,0.41308395396073117,0.2918843930635838,0.329047148038246,0.3798889677338565,0.4177182368193604,0.41388652998503783,0.39321586653047325,0.338122176549591,0.3891835035280712,0.40067715747758836,0.3941676895077665,0.28739316239316237,0.30974043877269686,0.3736019703637905,0.376281236764083,0.32049694933239015,0.30859884675280946,0.1587456920393141,0.38863859764089126,0.37040581096950986,0.40729353488769326,0.38015580155801554,0.3164693619239074,0.30059461931889064,0.347808701215611,0.2928702010968921,0.2524776763811206,0.14292853573213393,0.4172735840973353,0.39470890830407446,0.199146452989592,0.3363868124270838,0.4093298840023366,0.3850844664194478,0.30967637277962523,0.38263821532492726,0.3094909007141212,0.4019420566698504,0.2533783783783784,0.3770511828657519,0.32288957688338493,0.30065648491445285,0.3341320658365087,0.37730798000078736,0.33506493506493507,0.38464907042477803,0.3365321522309711,0.384085988246211,0.3615146013012559
